0 (3, 0, -3) 0.006127963857760391 0.3314000317325535 0.5191392610357255 0.10109851908969673 0.04223422428426399
1 (3, 0, -2) 0.007792615713474017 0.5647962686011954 0.06295386723844294 0.29541089917692925 0.0690463492699584
2 (3, 0, -1) 0.0376081641037175 0.38791895751402955 0.2597568738938859 0.16269697839936365 0.15201902608900322
3 (3, 0, 0) 0.017694780376345573 0.7708517030163078 0.10729930885612503 0.06544320551863139 0.038711002232590386
4 (3, 0, 1) 0.025918586067615577 0.8070381184959057 0.1118071113368227 0.024642173511815996 0.030594010587840195
5 (3, 0, 2) 0.03299492715083614 0.08042741011207047 0.0214357119304956 0.28961086883019177 0.575531081976406
6 (3, 0, 3) 0.0012065388209123447 0.7534231505190272 0.16487458872575525 0.0740211599784416 0.00647456195586371
7 (3, 1, -3) 0.2 0.2 0.2 0.2 0.2
8 (3, 1, -2) 0.2 0.2 0.2 0.2 0.2
9 (3, 1, -1) 0.009294472262449796 0.5242276276707037 0.41994928522947 0.0010198705662774201 0.04550874427109908
10 (3, 1, 0) 0.2 0.2 0.2 0.2 0.2
11 (3, 1, 1) 0.016461192214893353 0.9313344265450535 0.025162942120687773 0.015314815849924278 0.0117266232694411
12 (3, 1, 2) 0.2 0.2 0.2 0.2 0.2
13 (3, 1, 3) 0.2 0.2 0.2 0.2 0.2
14 (3, 2, -3) 0.2 0.2 0.2 0.2 0.2
15 (3, 2, -2) 0.2 0.2 0.2 0.2 0.2
16 (3, 2, -1) 0.023830822091266954 0.6059416768966606 0.016519024981211668 0.2709749353569682 0.0827335406738926
17 (3, 2, 0) 0.2 0.2 0.2 0.2 0.2
18 (3, 2, 1) 0.06144079510326533 0.4154861769884476 0.4348265392926997 0.06345678401842993 0.024789704597157555
19 (3, 2, 2) 0.2 0.2 0.2 0.2 0.2
20 (3, 2, 3) 0.2 0.2 0.2 0.2 0.2
21 (5, 0, -3) 0.00024627165793995317 0.8319075069618621 0.03688282581300671 0.013494703899763672 0.1174686916674276
22 (5, 0, -2) 0.203517075195636 0.00620552992582633 0.06264291346060581 0.5176836537302528 0.2099508276876791
23 (5, 0, -1) 0.049544276463105996 0.013323523874862825 0.19104921568243993 0.16487525702165903 0.5812077269579322
24 (5, 0, 0) 0.0017980749002314527 0.5916427082324198 0.007036316855844838 0.006727256958293644 0.3927956430532101
25 (5, 0, 1) 0.0006650943450747096 0.9922176760098276 0.002317044384120853 0.0033319107064074325 0.0014682745545693753
26 (5, 0, 2) 0.000955634943418632 0.056103763430447304 0.0048216948975650644 0.00012907215563068034 0.9379898345729383
27 (5, 0, 3) 0.0018455899974037931 0.7154862906337535 0.03824791188003193 0.07381981231786099 0.17060039517094974
28 (5, 1, -3) 0.2 0.2 0.2 0.2 0.2
29 (5, 1, -2) 0.006954478096041552 0.004239217949748202 0.2581777525841863 0.16768738623750437 0.5629411651325197
30 (5, 1, -1) 0.2 0.2 0.2 0.2 0.2
31 (5, 1, 0) 0.2 0.2 0.2 0.2 0.2
32 (5, 1, 1) 0.2 0.2 0.2 0.2 0.2
33 (5, 1, 2) 0.008140498141056506 0.16657225997166616 0.005421690162274728 0.005687383220522056 0.8141781685044805
34 (5, 1, 3) 0.2 0.2 0.2 0.2 0.2
35 (5, 2, -3) 0.2 0.2 0.2 0.2 0.2
36 (5, 2, -2) 0.029380182144556382 0.00830721633428776 0.003468809792029192 0.17533044125276373 0.7835133504763628
37 (5, 2, -1) 0.2 0.2 0.2 0.2 0.2
38 (5, 2, 0) 0.2 0.2 0.2 0.2 0.2
39 (5, 2, 1) 0.2 0.2 0.2 0.2 0.2
40 (5, 2, 2) 0.001456741545575968 0.17421637389541983 0.004692148649977722 0.021462015131900963 0.7981727207771255
41 (5, 2, 3) 0.2 0.2 0.2 0.2 0.2
42 (7, 0, -3) 0.0008105600466952692 0.8086152342863048 6.392384212120009e-05 0.189707865247854 0.0008024165770247956
43 (7, 0, -2) 0.07725353039649911 0.8663993570607331 0.002792713566629631 0.020482756220926542 0.033071642755211406
44 (7, 0, -1) 0.1517275707197056 0.7082319656192584 0.0017159366016169858 0.022604839447974222 0.11571968761144487
45 (7, 0, 0) 0.09901691002485975 0.7945845907620546 0.0005452500377904972 0.07242918557446405 0.03342406360083114
46 (7, 0, 1) 0.005611177580002434 0.9813023038065274 0.009033407102227043 0.0025124042363743986 0.0015407072748689066
47 (7, 0, 2) 0.005889539621009929 0.919564282217588 0.0034427624683007947 0.06986135647465089 0.0012420592184502128
48 (7, 0, 3) 0.10609567012467475 0.3065307823412608 0.04784190604430932 0.3010154672216734 0.23851617426808172
49 (7, 1, -3) 0.08709071330927659 0.4918625461193192 0.08719757372980276 0.012015413877371187 0.32183375296423017
50 (7, 1, -2) 0.2 0.2 0.2 0.2 0.2
51 (7, 1, -1) 0.2 0.2 0.2 0.2 0.2
52 (7, 1, 0) 0.2 0.2 0.2 0.2 0.2
53 (7, 1, 1) 0.2 0.2 0.2 0.2 0.2
54 (7, 1, 2) 0.2 0.2 0.2 0.2 0.2
55 (7, 1, 3) 0.3005653959858693 0.08297466771462132 0.0027929171331320434 0.045263272063257615 0.5684037471031197
56 (7, 2, -3) 0.06307529320389563 0.5319606972342876 0.00266100427828944 0.0025711322445301347 0.3997318730389973
57 (7, 2, -2) 0.2 0.2 0.2 0.2 0.2
58 (7, 2, -1) 0.2 0.2 0.2 0.2 0.2
59 (7, 2, 0) 0.2 0.2 0.2 0.2 0.2
60 (7, 2, 1) 0.2 0.2 0.2 0.2 0.2
61 (7, 2, 2) 0.2 0.2 0.2 0.2 0.2
62 (7, 2, 3) 0.029112474349182862 0.900070376885038 0.060213914599736046 0.0031332334311524653 0.007470000734890506
63 (0, 0, 0) 0.015301167295207576 0.9824394402883982 0.0022593924159667214 2.136903172051518e-13 2.136903172051518e-13
