7.977985737051325 9.973217570156146 10.197640556217417 9.379602208755323 8.943169916960564
8.166184853663713 10.307829102506131 9.210797658768334 9.983780195594756 9.25698556653904
9.959106587437963 11.125894231525667 10.92536905537986 10.691440730037952 10.657498851141298
10.229968763567543 12.117081918205727 11.13114501671187 10.883925250109169 10.621395840042043
7.899106394160938 9.61831168507794 8.630013817274108 7.873855906834006 7.982028362781466
8.23343529572711 8.678935902191217 8.017787538731849 9.319527477402263 9.662904999928422
6.619181822427211 9.837617442831036 9.07789648969575 8.677479430401087 7.459244408255562
0.0 0.0 0.0 0.0 0.0
0.0 0.0 0.0 0.0 0.0
9.396076387780223 11.412329463221855 11.301433443514997 8.2912043279674 10.190318710885887
0.0 0.0 0.0 0.0 0.0
8.771272849844525 10.789079250493172 8.983456218727344 8.735180396036416 8.601700912964619
0.0 0.0 0.0 0.0 0.0
0.0 0.0 0.0 0.0 0.0
0.0 0.0 0.0 0.0 0.0
0.0 0.0 0.0 0.0 0.0
10.14358852525541 11.761490500261663 9.960355003836856 11.359111794487516 10.765911176030269
0.0 0.0 0.0 0.0 0.0
8.465085311668943 9.42077296940562 9.443521892382169 8.481227850508738 8.011262511607285
0.0 0.0 0.0 0.0 0.0
0.0 0.0 0.0 0.0 0.0
7.963610010986918 12.026130669435238 10.468143045663435 9.965418689248994 11.047355958965442
8.515421098617988 6.770266553161053 7.9262714250318425 8.982228318447804 8.530982818854543
8.527343575425043 7.870675796185178 9.202175737830643 9.128504788500521 9.75846431675962
10.517440937328873 13.415534100621683 11.199625070665599 11.177166379157876 13.210727383172765
7.720559607695403 11.374444053081023 8.344618996305531 8.526245758317714 8.116516765232861
9.153596686125395 11.1898877820285 9.96284908710393 8.152594492217426 12.59815589053096
8.016791819078138 10.996873534132762 9.53243679870154 9.861205892580811 10.28005429070346
0.0 0.0 0.0 0.0 0.0
8.369581867153013 8.12207837913643 10.176713131527567 9.96093970081064 10.566476536052667
0.0 0.0 0.0 0.0 0.0
0.0 0.0 0.0 0.0 0.0
0.0 0.0 0.0 0.0 0.0
8.261788835483976 9.771077752616097 8.058566950517099 8.082488273773382 10.564452759207175
0.0 0.0 0.0 0.0 0.0
0.0 0.0 0.0 0.0 0.0
8.860030379242277 8.228432481536961 7.791775961926669 9.753206408662502 10.501764244667164
0.0 0.0 0.0 0.0 0.0
0.0 0.0 0.0 0.0 0.0
0.0 0.0 0.0 0.0 0.0
8.618055625714147 11.01010359141645 9.202899869947403 9.963096881292339 11.77111707206535
0.0 0.0 0.0 0.0 0.0
7.320514037248094 10.773190563204976 6.050497529002458 10.04827163332235 7.3154652729058185
8.868619515210593 10.077246184183602 7.2085800712243655 8.204864893489022 8.444411307805758
10.207782380828736 10.978124910942002 7.966718600867051 9.255821082508119 10.07232446368945
12.131531988279036 13.172796391711833 9.530631264042908 11.97519133325471 11.588524720169616
7.83709790960604 10.419157892657246 8.07518240993926 7.4353376860895315 7.190838397392572
8.26254288537234 10.787903945261842 7.994091065591055 9.499210297593136 7.4843393006194745
8.379658861778957 8.910147335133649 7.981439219531868 8.901069068849441 8.784706806409162
9.07032082665751 9.93594534790621 9.070933951243974 8.079940855738656 9.72386325661783
0.0 0.0 0.0 0.0 0.0
0.0 0.0 0.0 0.0 0.0
0.0 0.0 0.0 0.0 0.0
0.0 0.0 0.0 0.0 0.0
0.0 0.0 0.0 0.0 0.0
9.339314881038842 8.695749880409766 7.000025512452613 8.392730170135872 9.657898198218632
8.470082769725042 9.53620300283551 6.887269998103462 6.870091380199868 9.39331520068996
0.0 0.0 0.0 0.0 0.0
0.0 0.0 0.0 0.0 0.0
0.0 0.0 0.0 0.0 0.0
0.0 0.0 0.0 0.0 0.0
0.0 0.0 0.0 0.0 0.0
8.231020243270507 9.946673344614949 8.594388598780247 7.116469624424327 7.5508844149737415
12.497211192073236 14.578265984157136 11.54079459975043 0.0 0.0
