0 (3, 0, -3) 0.004420202662565721 0.9603318099265146 0.013692296566141453 0.0206153456109501 0.0009403452338281887
1 (3, 0, -2) 0.020798202515457734 0.2269776699097337 0.14318834574141992 0.02546447434059198 0.5835713074927967
2 (3, 0, -1) 0.020199686759281358 0.7354650954290759 0.06792903402094637 0.16546842859765484 0.010937755193041711
3 (3, 0, 0) 0.03491796164263479 0.644696294755226 0.09730712632372629 0.06907721975002147 0.15400139752839137
4 (3, 0, 1) 0.002201184342470341 0.2090026802881964 0.087280870555732 0.06582439725067928 0.635690867562922
5 (3, 0, 2) 0.04582876174531077 0.17860330325661786 0.22961865909595477 0.5091876230544526 0.036761652847663855
6 (3, 0, 3) 0.016256285545131092 0.3607065240256634 0.2789054114070777 0.03207337782597119 0.3120584011961566
7 (3, 1, -3) 0.2 0.2 0.2 0.2 0.2
8 (3, 1, -2) 0.2 0.2 0.2 0.2 0.2
9 (3, 1, -1) 0.015505041771524366 0.9684018941307591 0.0028498583125083927 0.007395232305038717 0.005847973480169564
10 (3, 1, 0) 0.2 0.2 0.2 0.2 0.2
11 (3, 1, 1) 0.018462267527125955 0.4997618007577381 0.3014912898848737 0.1085704871750757 0.07171415465518657
12 (3, 1, 2) 0.2 0.2 0.2 0.2 0.2
13 (3, 1, 3) 0.2 0.2 0.2 0.2 0.2
14 (3, 2, -3) 0.2 0.2 0.2 0.2 0.2
15 (3, 2, -2) 0.2 0.2 0.2 0.2 0.2
16 (3, 2, -1) 0.3908621197064544 0.5185665417782446 0.048508493712015585 0.03445889889331464 0.007603945909970634
17 (3, 2, 0) 0.2 0.2 0.2 0.2 0.2
18 (3, 2, 1) 0.010485285452868977 0.4802123422161293 0.03218852558485053 0.05681883447337653 0.4202950122727747
19 (3, 2, 2) 0.2 0.2 0.2 0.2 0.2
20 (3, 2, 3) 0.2 0.2 0.2 0.2 0.2
21 (5, 0, -3) 3.189569091597628e-05 0.041489729831525164 0.1400684426990588 0.014750581154639624 0.8036593506238604
22 (5, 0, -2) 0.6736388550691718 0.016128631196426265 0.09062369464635517 0.16990930499562534 0.04969951409242145
23 (5, 0, -1) 0.2415049528613418 0.5249589657003636 0.13670457398952882 0.007390842425357564 0.08944066502340837
24 (5, 0, 0) 0.0019527435102131244 0.46066382920453497 0.006036298962881955 0.006785899371817122 0.5245612289505528
25 (5, 0, 1) 0.32771113361927423 0.17524410431111156 0.1479146159488159 0.15250892944417951 0.19662121667661883
26 (5, 0, 2) 0.0005709745115822485 0.06310671006121377 0.019078178646843063 0.00494024583583179 0.912303890944529
27 (5, 0, 3) 0.000670448899147125 0.04922284294562464 0.007780054670197539 0.0002050587335393036 0.9421215947514914
28 (5, 1, -3) 0.2 0.2 0.2 0.2 0.2
29 (5, 1, -2) 0.03766082417817852 0.04096056824484721 0.03742013698588002 0.3874794560198884 0.4964790145712059
30 (5, 1, -1) 0.2 0.2 0.2 0.2 0.2
31 (5, 1, 0) 0.2 0.2 0.2 0.2 0.2
32 (5, 1, 1) 0.2 0.2 0.2 0.2 0.2
33 (5, 1, 2) 0.016647356926840384 0.12471606515861937 0.025748301471356407 0.08485798972795547 0.7480302867152283
34 (5, 1, 3) 0.2 0.2 0.2 0.2 0.2
35 (5, 2, -3) 0.2 0.2 0.2 0.2 0.2
36 (5, 2, -2) 0.004426984798740844 0.004837598901135391 0.018594792425547263 0.006419701703400715 0.9657209221711759
37 (5, 2, -1) 0.2 0.2 0.2 0.2 0.2
38 (5, 2, 0) 0.2 0.2 0.2 0.2 0.2
39 (5, 2, 1) 0.2 0.2 0.2 0.2 0.2
40 (5, 2, 2) 0.0009245628460966915 0.7505099362784798 0.012617684458805066 0.0029828421046720717 0.23296497431194627
41 (5, 2, 3) 0.2 0.2 0.2 0.2 0.2
42 (7, 0, -3) 0.12829597586937697 0.44155050760702 0.0013671206507454656 0.20374765096889083 0.2250387449039667
43 (7, 0, -2) 0.030829653336896943 0.9235661150928424 0.016479787516362317 0.013529189517097286 0.015595254536801162
44 (7, 0, -1) 0.01243142703603413 0.8928715248852669 0.01058872263417935 0.019800085301682178 0.06430824014283751
45 (7, 0, 0) 0.0461937547381123 0.7735738650160375 0.0022555089752260265 0.15164112786544903 0.02633574340517521
46 (7, 0, 1) 0.1652496066875498 0.5700569738045922 0.011761919767472094 0.01081082808071405 0.24212067165967188
47 (7, 0, 2) 0.02766237506428872 0.628100490973568 0.0013449409741223804 0.001122214618912705 0.34176997836910816
48 (7, 0, 3) 0.02807669083526285 0.6163764846494352 0.026148880634690008 0.0018817611128510833 0.32751618276776073
49 (7, 1, -3) 0.009095835378103581 0.9614401600819475 0.010018584443414505 0.00024949287946511995 0.019195927217069402
50 (7, 1, -2) 0.2 0.2 0.2 0.2 0.2
51 (7, 1, -1) 0.2 0.2 0.2 0.2 0.2
52 (7, 1, 0) 0.2 0.2 0.2 0.2 0.2
53 (7, 1, 1) 0.2 0.2 0.2 0.2 0.2
54 (7, 1, 2) 0.2 0.2 0.2 0.2 0.2
55 (7, 1, 3) 0.03601996202864904 0.5564799527833684 0.00021523104080808803 0.19969931691911508 0.20758553722805945
56 (7, 2, -3) 0.07598297333180212 0.6021443775759869 0.002337967092732355 0.006429165527957436 0.31310551647152113
57 (7, 2, -2) 0.2 0.2 0.2 0.2 0.2
58 (7, 2, -1) 0.2 0.2 0.2 0.2 0.2
59 (7, 2, 0) 0.2 0.2 0.2 0.2 0.2
60 (7, 2, 1) 0.2 0.2 0.2 0.2 0.2
61 (7, 2, 2) 0.2 0.2 0.2 0.2 0.2
62 (7, 2, 3) 0.01259596514464804 0.2764353881402961 0.37053888572326454 0.0008681328813073132 0.33956162811048407
63 (0, 0, 0) 0.01924681688387922 0.9789817715153512 0.001771411600470929 1.4935478793322113e-13 1.4935478793322113e-13
