8.171528767361046 10.862075424254138 8.736852684334727 8.941453859732894 7.397681893654591
8.665340001122647 9.860332539499657 9.62998715176283 8.766548877247319 10.332490043779194
9.255364463325803 11.052782455658905 9.86176268611014 10.306921121094977 8.94864120633887
10.83725455478854 12.295143548787415 11.3496899898803 11.178366379083512 11.579234714872792
8.220045512206177 10.496721273820611 10.060113393587425 9.919043009954338 11.052903929649094
8.105096347848772 8.785223989760809 8.910850372477661 9.30904868785576 7.994868037830429
8.146544628226865 9.69633714727981 9.567741158406733 8.486317977253863 9.62389998665174
0.0 0.0 0.0 0.0 0.0
0.0 0.0 0.0 0.0 0.0
9.687368001095267 11.754608968287076 8.840420016854573 9.317203132520724 9.19983297157811
0.0 0.0 0.0 0.0 0.0
7.919828550675 9.569029815810248 9.316334585837922 8.805663829314115 8.598308094157034
0.0 0.0 0.0 0.0 0.0
0.0 0.0 0.0 0.0 0.0
0.0 0.0 0.0 0.0 0.0
0.0 0.0 0.0 0.0 0.0
10.980566504915933 11.121923250824882 9.937258528875903 9.7662727122325 9.010722729147169
0.0 0.0 0.0 0.0 0.0
8.800911853908124 10.713039602325303 9.3617304298497 9.645859341278117 10.646403846914433
0.0 0.0 0.0 0.0 0.0
0.0 0.0 0.0 0.0 0.0
6.861472597127978 10.446837738123103 11.05518036657272 9.92975601794982 11.928702519858573
9.131195357947622 7.265146299866692 8.128206140547942 8.442480683294912 7.827845864084707
9.39461486093935 9.782829919609975 9.110080971739482 7.651290732014576 8.897957592523342
10.629677886684107 13.361394508722903 11.193955765460332 11.252483649367239 13.426341310024382
8.916013974693156 8.603037651490093 8.518265303620078 8.53355928364417 8.660587269550998
8.576600911886157 10.92921981815613 10.331078867503647 9.655513813302262 12.2647928403152
8.299666197724317 10.447748995465256 9.52535177642547 7.707340675929478 11.923637267695442
0.0 0.0 0.0 0.0 0.0
8.294627952204241 8.33662267525459 8.291422239157312 9.46014916368702 9.584088356288124
0.0 0.0 0.0 0.0 0.0
0.0 0.0 0.0 0.0 0.0
0.0 0.0 0.0 0.0 0.0
8.7456614593208 9.752555566399502 8.9637200603028 9.560025304082743 10.648257462682325
0.0 0.0 0.0 0.0 0.0
0.0 0.0 0.0 0.0 0.0
8.904305488997114 8.9486553804185 9.621886911204035 9.090131955494297 11.596883575019884
0.0 0.0 0.0 0.0 0.0
0.0 0.0 0.0 0.0 0.0
0.0 0.0 0.0 0.0 0.0
8.936069343998717 12.285662915261184 10.242836149200057 9.521724756200413 11.700730528707954
0.0 0.0 0.0 0.0 0.0
8.440577207930673 9.058553461628566 6.169760661547065 8.671848366403937 8.72154354834668
8.783425987837866 10.483308683565927 8.470254804578875 8.37161225795953 8.442670824901828
9.009097179159568 11.146204677503958 8.9288780929636 9.241826449723995 9.83082721407273
11.815481271927458 13.22456954685674 10.30574679542705 12.409817331068574 11.534522507530006
9.054039691032123 9.673179296658775 7.732744729060801 7.690585257684707 9.245029264269068
9.065595421144662 10.626908912245872 7.553733890015541 7.463210862306441 10.32262779313184
8.662087141677802 10.206546256054944 8.626520471463797 7.310721329699237 9.890386012887744
8.290318048623634 10.62062588316213 8.338630625900395 6.492247267910305 8.663758785828824
0.0 0.0 0.0 0.0 0.0
0.0 0.0 0.0 0.0 0.0
0.0 0.0 0.0 0.0 0.0
0.0 0.0 0.0 0.0 0.0
0.0 0.0 0.0 0.0 0.0
9.026640784875537 10.395419715247542 6.4665825323774255 9.883010552029305 9.90237588325566
9.236858546875805 10.27185253004372 7.496244800829404 8.002026282788883 9.944874030365263
0.0 0.0 0.0 0.0 0.0
0.0 0.0 0.0 0.0 0.0
0.0 0.0 0.0 0.0 0.0
0.0 0.0 0.0 0.0 0.0
0.0 0.0 0.0 0.0 0.0
8.627224961966373 10.171525251958807 10.318015890910742 7.289831450449522 10.274364422248775
12.791021101842349 14.755604768084284 11.598236628217949 0.0 0.0
