0 (3, 0, -3) 0.21027421454921055 0.528000400424306 0.01566624623887086 0.22143618966891562 0.024622949118696894
1 (3, 0, -2) 0.013206501715214014 0.41487920326969124 0.009193093569801776 0.2587370946156736 0.30398410682961935
2 (3, 0, -1) 0.00918600568439523 0.7521050299106764 0.204111182797841 0.014121762299392104 0.020476019307695152
3 (3, 0, 0) 0.09574248348753264 0.4901509418850808 0.15479000611425572 0.2023531121035403 0.056963456409590614
4 (3, 0, 1) 9.73784694311074e-05 0.958405163214534 0.007004296716959991 0.0340466131820143 0.0004465484170608057
5 (3, 0, 2) 0.007623558681016889 0.03133149857424436 0.05732149804840716 0.008429361117886273 0.8952940835784453
6 (3, 0, 3) 0.0008567849869666965 0.41393100705268054 0.033633237518280366 0.5226439431769464 0.028935027265126086
7 (3, 1, -3) 0.2 0.2 0.2 0.2 0.2
8 (3, 1, -2) 0.2 0.2 0.2 0.2 0.2
9 (3, 1, -1) 0.010431865257398207 0.9292246539295924 0.007003054124702098 0.004004355167560164 0.04933607152074698
10 (3, 1, 0) 0.2 0.2 0.2 0.2 0.2
11 (3, 1, 1) 0.002930374585087732 0.9578673124574889 0.018413241956375406 0.0013221407891307309 0.019466930211917262
12 (3, 1, 2) 0.2 0.2 0.2 0.2 0.2
13 (3, 1, 3) 0.2 0.2 0.2 0.2 0.2
14 (3, 2, -3) 0.2 0.2 0.2 0.2 0.2
15 (3, 2, -2) 0.2 0.2 0.2 0.2 0.2
16 (3, 2, -1) 0.00752800571734384 0.952941612789171 0.0026562945112603114 0.008743642445305597 0.028130444536919163
17 (3, 2, 0) 0.2 0.2 0.2 0.2 0.2
18 (3, 2, 1) 0.014890868697515396 0.9825834249376958 0.001684892679722287 0.00023737162675179063 0.0006034420583147557
19 (3, 2, 2) 0.2 0.2 0.2 0.2 0.2
20 (3, 2, 3) 0.2 0.2 0.2 0.2 0.2
21 (5, 0, -3) 0.006607150656214108 0.1595291905875308 0.002089416560656654 0.002140249686359224 0.8296339925092391
22 (5, 0, -2) 0.4119458442528149 0.0032293659677056306 0.05346716543015757 0.011928654373008834 0.519428969976313
23 (5, 0, -1) 0.11792307407911853 0.03364162474393982 0.004355948082548007 0.0016592366007788688 0.8424201164936147
24 (5, 0, 0) 0.013754130454586594 0.2248649955571381 0.006452918335429757 0.0029440293498383258 0.7519839263030074
25 (5, 0, 1) 0.0004534548175895455 0.16728702877344126 0.00098801140722407 0.0018867440160842779 0.8293847609856609
26 (5, 0, 2) 0.0016125741110365795 0.34402022596746673 0.005787063598759479 0.0048085464077037175 0.6437715899150335
27 (5, 0, 3) 0.06073815007680784 0.10506705287417285 0.01018062176024653 0.005143441817434511 0.8188707334713383
28 (5, 1, -3) 0.2 0.2 0.2 0.2 0.2
29 (5, 1, -2) 0.3313274843922917 0.0003286930902857652 0.11555643941434529 0.0038506816956239177 0.5489367014074532
30 (5, 1, -1) 0.2 0.2 0.2 0.2 0.2
31 (5, 1, 0) 0.2 0.2 0.2 0.2 0.2
32 (5, 1, 1) 0.2 0.2 0.2 0.2 0.2
33 (5, 1, 2) 0.006467636822920874 0.09258926811488291 0.29392415572429065 0.39910274669614304 0.20791619264176248
34 (5, 1, 3) 0.2 0.2 0.2 0.2 0.2
35 (5, 2, -3) 0.2 0.2 0.2 0.2 0.2
36 (5, 2, -2) 0.12635619382203175 0.019024179454859437 0.6033451998969426 0.17197407378369914 0.07930035304246712
37 (5, 2, -1) 0.2 0.2 0.2 0.2 0.2
38 (5, 2, 0) 0.2 0.2 0.2 0.2 0.2
39 (5, 2, 1) 0.2 0.2 0.2 0.2 0.2
40 (5, 2, 2) 0.004853494418355664 0.2851988747205245 0.04320496349993078 0.0038436755189048583 0.6628989918422842
41 (5, 2, 3) 0.2 0.2 0.2 0.2 0.2
42 (7, 0, -3) 0.008916079554389864 0.9325096578016051 0.0007623218193273658 0.010001463618296883 0.04781047720638072
43 (7, 0, -2) 0.20056005729007423 0.09667884816127736 0.0007815130708278915 0.0102073015676917 0.6917722799101288
44 (7, 0, -1) 0.0018462315709133527 0.9084562291621343 0.015191697605687483 0.006896569032078162 0.06760927262918667
45 (7, 0, 0) 0.029100889609834413 0.915766447060685 0.001268930750742157 0.035506004016554016 0.018357728562184674
46 (7, 0, 1) 0.004033923163809179 0.9852070704291499 0.0035358301003328013 0.002821475268537808 0.00440170103817022
47 (7, 0, 2) 0.007309253946468259 0.006297799582849654 0.011925096481777187 0.0008232821622243183 0.9736445678266806
48 (7, 0, 3) 0.013804334725080334 0.12963187997900286 0.22427423354329304 0.0014046657584360022 0.6308848859941877
49 (7, 1, -3) 0.027867246382189934 0.1600563865011485 0.1586122249329703 0.0015833359880058216 0.6518808061956853
50 (7, 1, -2) 0.2 0.2 0.2 0.2 0.2
51 (7, 1, -1) 0.2 0.2 0.2 0.2 0.2
52 (7, 1, 0) 0.2 0.2 0.2 0.2 0.2
53 (7, 1, 1) 0.2 0.2 0.2 0.2 0.2
54 (7, 1, 2) 0.2 0.2 0.2 0.2 0.2
55 (7, 1, 3) 0.27346080736837003 0.4374162858852406 0.00011233729846853853 0.03437178736831867 0.2546387820796022
56 (7, 2, -3) 0.16060566264593232 0.18070804774002794 0.016377289162600527 0.02819739930395571 0.6141116011474835
57 (7, 2, -2) 0.2 0.2 0.2 0.2 0.2
58 (7, 2, -1) 0.2 0.2 0.2 0.2 0.2
59 (7, 2, 0) 0.2 0.2 0.2 0.2 0.2
60 (7, 2, 1) 0.2 0.2 0.2 0.2 0.2
61 (7, 2, 2) 0.2 0.2 0.2 0.2 0.2
62 (7, 2, 3) 0.035662082075013715 0.8300110984176344 0.06729153167556332 0.00692697934389526 0.06010830848789328
63 (0, 0, 0) 0.12623587541180506 0.8711615098666368 0.0026026147211236205 2.171994781283562e-13 2.171994781283562e-13
