10.641536730070527 11.101879019867598 9.343084737257481 10.667397731436195 9.569169948359868
9.290622066540326 11.014261135985794 9.109493686887651 10.77817366901236 10.85875514522214
9.113426809781293 11.316024198240061 10.663918636970775 9.328444723932206 9.514213413193037
12.441984478389681 13.258510110783892 12.682188116160905 12.816160542122148 12.182358389923264
8.238371936714055 12.835582316970163 10.376208898360881 11.166812290447306 8.999843285794086
9.084004208435925 9.79069453671631 10.09272043756698 9.13424306005027 11.466958693496409
7.619581697910301 10.70971549417182 9.45462323395612 10.82631605663487 9.379392277675635
0.0 0.0 0.0 0.0 0.0
0.0 0.0 0.0 0.0 0.0
9.785243546131902 12.029986268204757 9.585984180435705 9.306502282072934 10.562138745397293
0.0 0.0 0.0 0.0 0.0
10.222174333147233 13.116963835166812 11.141144242007394 9.824235319764673 11.168967773027472
0.0 0.0 0.0 0.0 0.0
0.0 0.0 0.0 0.0 0.0
0.0 0.0 0.0 0.0 0.0
0.0 0.0 0.0 0.0 0.0
9.868862096500267 12.289323833134974 9.348013070985578 9.943710444922644 10.527973228282614
0.0 0.0 0.0 0.0 0.0
10.517944934431007 12.612663466941457 9.42842177654131 8.448506681142934 8.915018215195978
0.0 0.0 0.0 0.0 0.0
0.0 0.0 0.0 0.0 0.0
9.40031322431943 10.992350435952238 8.824679411380451 8.836698225716459 11.816729291994768
9.106434252205748 6.68213121641415 8.085522172452539 7.335460022946638 9.222353341606478
10.089138044832213 9.462003862143229 8.439892939381961 7.957300604956995 11.072261216442016
11.23999406738442 12.637074580721793 10.861590721327614 10.469214064630236 13.24068195409672
8.731632364141028 11.686917722688744 9.121031668798958 9.444488486878303 12.487404273614327
8.253487371698762 10.934921733247563 8.8923840134502 8.799768925368959 11.248243501790387
9.516439486011812 9.790452857217762 8.623396527598059 8.282014719478065 10.817116603050176
0.0 0.0 0.0 0.0 0.0
9.806706531090772 6.348837488608108 9.280032430318194 7.579277996756311 10.05914446698394
0.0 0.0 0.0 0.0 0.0
0.0 0.0 0.0 0.0 0.0
0.0 0.0 0.0 0.0 0.0
7.651930462443369 8.982611687211582 9.560185947452938 9.713134514415707 9.387092606545382
0.0 0.0 0.0 0.0 0.0
0.0 0.0 0.0 0.0 0.0
9.43265893905984 8.485961898660094 10.214351264037466 9.586778377987692 9.199727802477861
0.0 0.0 0.0 0.0 0.0
0.0 0.0 0.0 0.0 0.0
0.0 0.0 0.0 0.0 0.0
9.124738124517789 11.161482023921415 10.217866344686229 9.008103190040075 11.583199966653806
0.0 0.0 0.0 0.0 0.0
8.322516829027824 10.647528414136605 7.092895421269254 8.379954382015478 9.162211061907108
10.31517100397919 9.950311455146226 7.541352432252482 8.826165786313304 10.934242547321986
9.073437968921661 12.172738036184573 10.127239216702359 9.73237670557074 10.873737253822322
11.493540122810964 13.21803643141647 9.927243059213595 11.593006655267459 11.263181081004635
8.903202638265775 11.652258863595994 8.837306989700249 8.724462888678449 8.946828475062938
8.886972746576776 8.812502291865504 9.13172470568184 7.795173996401349 11.33292530042706
8.668136968534318 9.787995012437653 10.062080421834072 7.525545331923774 10.579207349271206
8.74368178992759 9.617718857121293 9.613186965987072 7.309722775736337 10.319886639045738
0.0 0.0 0.0 0.0 0.0
0.0 0.0 0.0 0.0 0.0
0.0 0.0 0.0 0.0 0.0
0.0 0.0 0.0 0.0 0.0
0.0 0.0 0.0 0.0 0.0
9.995984648817814 10.230848163640543 6.097280823179597 8.959023539791785 9.960328493196078
9.522334606595749 9.581299943030844 8.380806360462934 8.652473451706522 10.192946912721474
0.0 0.0 0.0 0.0 0.0
0.0 0.0 0.0 0.0 0.0
0.0 0.0 0.0 0.0 0.0
0.0 0.0 0.0 0.0 0.0
0.0 0.0 0.0 0.0 0.0
8.905690628784868 10.479366166139775 9.223163829618926 8.086358548528512 9.166720668183991
13.544178557282992 14.51001616032226 11.603360766127222 0.0 0.0
