0 (3, 0, -3) 0.06518324929131696 0.18649240985626594 0.3995343238564902 0.2787187578845169 0.07007125911140998
1 (3, 0, -2) 0.006445064680747255 0.3661360840697536 0.0324360573808739 0.5009438899504365 0.09403890391818874
2 (3, 0, -1) 0.04181123926821129 0.7678890798574968 0.006973487924696844 0.12688240500961137 0.05644378793998377
3 (3, 0, 0) 0.037643935532276504 0.4887445427380803 0.29965637289757335 0.1230670649929044 0.050888083839165474
4 (3, 0, 1) 0.11541004843248807 0.36649100079098945 0.1646586249017296 0.29021245492904746 0.06322787094574535
5 (3, 0, 2) 0.03280152412244133 0.20643541684123085 0.4984041211276226 0.2514764920568395 0.01088244585186578
6 (3, 0, 3) 0.07927907899093044 0.5772811240502015 0.16590127849151215 0.06353048389478295 0.11400803457257293
7 (3, 1, -3) 0.2 0.2 0.2 0.2 0.2
8 (3, 1, -2) 0.2 0.2 0.2 0.2 0.2
9 (3, 1, -1) 0.20301947351574984 0.6021144418368087 0.024802554841582624 0.002632151178937876 0.16743137862692084
10 (3, 1, 0) 0.2 0.2 0.2 0.2 0.2
11 (3, 1, 1) 0.018387811436729996 0.8626330117227791 0.11320797924915743 0.004752432264802039 0.0010187653265314183
12 (3, 1, 2) 0.2 0.2 0.2 0.2 0.2
13 (3, 1, 3) 0.2 0.2 0.2 0.2 0.2
14 (3, 2, -3) 0.2 0.2 0.2 0.2 0.2
15 (3, 2, -2) 0.2 0.2 0.2 0.2 0.2
16 (3, 2, -1) 0.012326291386908108 0.06649101868220393 0.5943278141357076 0.06790358435746432 0.258951291437716
17 (3, 2, 0) 0.2 0.2 0.2 0.2 0.2
18 (3, 2, 1) 0.016215518282611814 0.7188418193749969 0.0867922620870825 0.17671081320362383 0.0014395870516849434
19 (3, 2, 2) 0.2 0.2 0.2 0.2 0.2
20 (3, 2, 3) 0.2 0.2 0.2 0.2 0.2
21 (5, 0, -3) 0.0031365972454440423 0.05245936121513215 0.0013323009551446379 0.0020568119627364877 0.9410149286215427
22 (5, 0, -2) 0.15828451831965326 0.0012252121820611013 0.008062567323743655 0.2112874552306425 0.6211402469438995
23 (5, 0, -1) 0.019227768180762182 0.040966934170663126 0.013520005929471753 0.027784760384115016 0.8985005313349879
24 (5, 0, 0) 0.006124640095939156 0.3936329270134059 0.007142582302971234 0.0010601968901040786 0.5920396536975796
25 (5, 0, 1) 0.0052436381589482635 0.09964451583082258 0.005398401132250868 0.02893551092214921 0.860777933955829
26 (5, 0, 2) 0.0077385613074322495 0.0007386617481138347 0.0002835279491028532 0.0025946222796158843 0.9886446267157352
27 (5, 0, 3) 0.15132955346508928 0.1944457812792505 0.5275611575378435 0.01395560766779423 0.11270790005002261
28 (5, 1, -3) 0.2 0.2 0.2 0.2 0.2
29 (5, 1, -2) 0.059465201652962825 0.016894762164437555 0.14375338912763483 0.17287451002773124 0.6070121370272334
30 (5, 1, -1) 0.2 0.2 0.2 0.2 0.2
31 (5, 1, 0) 0.2 0.2 0.2 0.2 0.2
32 (5, 1, 1) 0.2 0.2 0.2 0.2 0.2
33 (5, 1, 2) 0.03522316832124008 0.0014687854311241106 0.0048155865903933455 0.008881735525769895 0.9496107241314726
34 (5, 1, 3) 0.2 0.2 0.2 0.2 0.2
35 (5, 2, -3) 0.2 0.2 0.2 0.2 0.2
36 (5, 2, -2) 0.07888266454813808 0.09122467995372123 0.018827037006190518 0.04488712506918215 0.766178493422768
37 (5, 2, -1) 0.2 0.2 0.2 0.2 0.2
38 (5, 2, 0) 0.2 0.2 0.2 0.2 0.2
39 (5, 2, 1) 0.2 0.2 0.2 0.2 0.2
40 (5, 2, 2) 0.14138158462677738 0.6465833635754545 0.003923561968885916 0.0006437253112242808 0.20746776451765772
41 (5, 2, 3) 0.2 0.2 0.2 0.2 0.2
42 (7, 0, -3) 0.010106675818233641 0.18780004059750555 0.00022831184579806606 0.3398048330344774 0.4620601387039853
43 (7, 0, -2) 0.07124813036762553 0.9177359923015972 0.0011270907206034756 0.0004091352882383648 0.009479651321935501
44 (7, 0, -1) 0.008789425273035995 0.342034131078282 0.040341211579997094 0.13212526229358101 0.4767099697751039
45 (7, 0, 0) 0.12874179358276483 0.5926141722048215 0.0004629557977668086 0.22685700482877993 0.05132407358586675
46 (7, 0, 1) 0.3724416814405289 0.13941103251761483 0.024948808076499535 0.0043637752963784 0.45883470266897824
47 (7, 0, 2) 0.07992554669656968 0.07701145472805616 0.004837222688775345 0.04191297205087746 0.7963128038357213
48 (7, 0, 3) 0.008398163055972104 0.18684961513721088 0.12306309277987651 0.003769815553255703 0.6779193134736847
49 (7, 1, -3) 0.22138030815510654 0.3105402598726702 0.2029348651674262 0.030171702674280293 0.23497286413051666
50 (7, 1, -2) 0.2 0.2 0.2 0.2 0.2
51 (7, 1, -1) 0.2 0.2 0.2 0.2 0.2
52 (7, 1, 0) 0.2 0.2 0.2 0.2 0.2
53 (7, 1, 1) 0.2 0.2 0.2 0.2 0.2
54 (7, 1, 2) 0.2 0.2 0.2 0.2 0.2
55 (7, 1, 3) 0.08678311742651307 0.7917314528234427 0.004628216415259704 0.03487182028284972 0.08198539305193485
56 (7, 2, -3) 0.06951812869585543 0.09049590041929283 0.006411992521822071 0.0021563337492231634 0.8314176446138065
57 (7, 2, -2) 0.2 0.2 0.2 0.2 0.2
58 (7, 2, -1) 0.2 0.2 0.2 0.2 0.2
59 (7, 2, 0) 0.2 0.2 0.2 0.2 0.2
60 (7, 2, 1) 0.2 0.2 0.2 0.2 0.2
61 (7, 2, 2) 0.2 0.2 0.2 0.2 0.2
62 (7, 2, 3) 0.09391443403831422 0.42388675546972865 0.10670073849424841 0.0024708029712816773 0.373027269026427
63 (0, 0, 0) 0.007692625357731513 0.9918506669189284 0.0004567077231746679 8.272804336200565e-14 8.272804336200565e-14
