9.45254590875529 9.97813991736481 10.359094486424377 10.179046265725237 9.488701002926538
8.63032420798607 10.65016941126129 9.438302214979293 10.806913921267371 9.970521155973874
10.540714037543902 11.995954092566462 9.645189204450613 11.095761801192719 10.69075406443742
11.058129485036375 12.339963524562338 12.095361749061556 11.65040827713324 11.208857945269584
9.452601754443819 10.030343025183164 9.6302932372488 9.913662670880452 9.151728641859577
9.390261296401407 10.310017611727336 10.750729423749435 10.408698562784416 8.83859931503468
9.322388507332567 10.315066053230058 9.691597822721986 9.211661296959997 9.504035833248265
0.0 0.0 0.0 0.0 0.0
0.0 0.0 0.0 0.0 0.0
10.698956491127028 11.242529304562327 9.647778872417415 8.526206264891911 10.602592333324122
0.0 0.0 0.0 0.0 0.0
9.783434092403073 11.707584757555972 10.692203406479035 9.106918352172466 8.33688579575709
0.0 0.0 0.0 0.0 0.0
0.0 0.0 0.0 0.0 0.0
0.0 0.0 0.0 0.0 0.0
0.0 0.0 0.0 0.0 0.0
9.44203432353633 10.284700517960273 11.37988259878745 10.295211488365688 10.964487067428266
0.0 0.0 0.0 0.0 0.0
8.77731435398374 10.673150669104375 9.616088738395526 9.971587289140349 7.5665081541795525
0.0 0.0 0.0 0.0 0.0
0.0 0.0 0.0 0.0 0.0
8.797790348249046 10.206240480867343 8.369674826438093 8.586799678559723 11.649700584036436
9.067473892054561 6.636833830235704 7.578892826973407 9.211886587507975 9.75105525927637
9.002139832804925 9.380344714833175 8.826047340586205 9.186205927376177 10.924325734784269
11.309978620087676 13.39152803151339 11.386855811683091 10.433045940787151 13.595605430277846
8.538809189718062 10.01110591385559 8.553352819993203 9.392836204665539 11.089219685806322
9.926310973427471 8.75174548781376 8.272980789675268 9.379923551579363 12.35137054765215
9.041113409124135 9.166460125499018 9.665515841690071 7.849324148569018 8.893783201463496
0.0 0.0 0.0 0.0 0.0
8.623800723284655 7.994606897033869 9.065154703607627 9.157388053499517 9.785379468618887
0.0 0.0 0.0 0.0 0.0
0.0 0.0 0.0 0.0 0.0
0.0 0.0 0.0 0.0 0.0
9.832659191475067 8.244025073926167 8.837736094685617 9.143805652956694 11.479833231230318
0.0 0.0 0.0 0.0 0.0
0.0 0.0 0.0 0.0 0.0
9.881680360861832 9.954362353115009 9.165346603781716 9.599775119535497 11.01840719748055
0.0 0.0 0.0 0.0 0.0
0.0 0.0 0.0 0.0 0.0
0.0 0.0 0.0 0.0 0.0
10.575417176445622 11.335536989904162 8.783185875339033 7.879444332347145 10.767173909905237
0.0 0.0 0.0 0.0 0.0
8.656656965295902 10.117747767968195 6.7615374565889805 10.414244592649322 10.56790640297668
9.76774865127127 11.045619241682786 7.694484226720111 7.187809662323506 8.759238129698206
8.692372905062944 10.52305350765325 9.45428502551656 10.04747345706501 10.689052380445291
11.91407115495317 12.677438530853554 9.10010490645869 12.197326697935564 11.454246712170125
10.022021599416707 9.530694685618796 8.670394390866587 7.798650154758919 10.126326376728795
9.138298637498153 9.11972795672285 7.735921235674522 8.815548557226847 10.28774690912448
8.50737459095895 10.05852013999183 9.849716678542494 8.106881129596733 10.702882228989413
8.937890644171167 9.107106384403076 8.894392140361433 7.941401850998049 8.967684625052005
0.0 0.0 0.0 0.0 0.0
0.0 0.0 0.0 0.0 0.0
0.0 0.0 0.0 0.0 0.0
0.0 0.0 0.0 0.0 0.0
0.0 0.0 0.0 0.0 0.0
9.221131455299679 10.32653653357142 7.755511188969805 8.765264934422337 9.192695952714363
9.008340879344308 9.140199373016358 7.816632132027654 7.27175181842496 10.249113222476975
0.0 0.0 0.0 0.0 0.0
0.0 0.0 0.0 0.0 0.0
0.0 0.0 0.0 0.0 0.0
0.0 0.0 0.0 0.0 0.0
0.0 0.0 0.0 0.0 0.0
9.391022270805312 10.144563391741762 9.45484426479309 7.572101818739583 10.080655987181395
12.62786229903674 15.05751751623369 11.215875412893643 0.0 0.0
