0 (3, 0, -3) 0.07538085515340051 0.18299973000791458 0.6429351098582892 0.018213350492342472 0.08047095448805336
1 (3, 0, -2) 0.03837872509824274 0.388269997181722 0.4954993174775027 0.002237060801202643 0.07561489944132997
2 (3, 0, -1) 0.009024416091690673 0.23048539146665012 0.35223023755372324 0.013317957959023265 0.3949419969289127
3 (3, 0, 0) 0.058784560801432885 0.214216323314435 0.46504925799227753 0.1081623110910829 0.15378754680077178
4 (3, 0, 1) 0.0008111487742224236 0.9945749555282424 0.0018892976279387456 0.0005298505705310555 0.0021947474990653185
5 (3, 0, 2) 0.002539609106064848 0.9106802049012859 0.018576257690837362 0.06722221174190841 0.0009817165599036112
6 (3, 0, 3) 0.08108105064645378 0.12604722728506257 0.030460489539174122 0.07468379270264182 0.6877274398266676
7 (3, 1, -3) 0.2 0.2 0.2 0.2 0.2
8 (3, 1, -2) 0.2 0.2 0.2 0.2 0.2
9 (3, 1, -1) 0.0010566279579031137 0.8003617658225427 0.06488196489921352 0.08267766631572983 0.05102197500461093
10 (3, 1, 0) 0.2 0.2 0.2 0.2 0.2
11 (3, 1, 1) 0.34524350834072476 0.21152422052792794 0.10962489511922249 0.10880454305499658 0.22480283295712827
12 (3, 1, 2) 0.2 0.2 0.2 0.2 0.2
13 (3, 1, 3) 0.2 0.2 0.2 0.2 0.2
14 (3, 2, -3) 0.2 0.2 0.2 0.2 0.2
15 (3, 2, -2) 0.2 0.2 0.2 0.2 0.2
16 (3, 2, -1) 0.3610858236805786 0.3232182705970299 0.2348439259039145 0.05015294701029535 0.03069903280818158
17 (3, 2, 0) 0.2 0.2 0.2 0.2 0.2
18 (3, 2, 1) 0.005593526032347379 0.9913650070589141 0.0003004749734648022 0.000510142624075318 0.002230849311198394
19 (3, 2, 2) 0.2 0.2 0.2 0.2 0.2
20 (3, 2, 3) 0.2 0.2 0.2 0.2 0.2
21 (5, 0, -3) 0.0014558556065726383 0.1521572380059818 0.00176872365569916 0.005822479423404133 0.8387957033083423
22 (5, 0, -2) 0.345070168950636 0.011704517780360723 0.4010987113394848 0.04485034436011202 0.19727625756940645
23 (5, 0, -1) 0.04830406320047694 0.01938565631246617 0.791369963846646 0.06220571933483208 0.07873459730557879
24 (5, 0, 0) 0.02628866066183205 0.2940262855775811 0.012507475164389437 0.00697090156678166 0.6602066770294156
25 (5, 0, 1) 0.0015090340861592904 0.019417093720181793 0.012481678931397101 0.0014984684851256475 0.9650937247771361
26 (5, 0, 2) 0.26582316485697466 0.2343709037552457 0.03997185768034341 0.046146758535295124 0.4136873151721411
27 (5, 0, 3) 0.6078601796726294 0.06274048949978055 0.11163294972388565 0.009782832484044256 0.20798354861966004
28 (5, 1, -3) 0.2 0.2 0.2 0.2 0.2
29 (5, 1, -2) 0.3141649679503754 0.0473328173399124 0.049294327769544025 0.18426708285062468 0.4049408040895435
30 (5, 1, -1) 0.2 0.2 0.2 0.2 0.2
31 (5, 1, 0) 0.2 0.2 0.2 0.2 0.2
32 (5, 1, 1) 0.2 0.2 0.2 0.2 0.2
33 (5, 1, 2) 0.1425585352187997 0.07808433668108239 0.06871671036768102 0.09053375627025229 0.6201066614621846
34 (5, 1, 3) 0.2 0.2 0.2 0.2 0.2
35 (5, 2, -3) 0.2 0.2 0.2 0.2 0.2
36 (5, 2, -2) 0.05698768350849829 0.5375101210594889 0.3771823720396687 0.01592406172869925 0.012395761663644917
37 (5, 2, -1) 0.2 0.2 0.2 0.2 0.2
38 (5, 2, 0) 0.2 0.2 0.2 0.2 0.2
39 (5, 2, 1) 0.2 0.2 0.2 0.2 0.2
40 (5, 2, 2) 0.02916708693900754 0.6479983061355558 0.053340739952006125 0.06234304940921018 0.20715081756422038
41 (5, 2, 3) 0.2 0.2 0.2 0.2 0.2
42 (7, 0, -3) 0.13439404206104286 0.8040963414252451 0.00032550536367507353 0.04317886035677222 0.01800525079326498
43 (7, 0, -2) 0.010358792060678914 0.9677229451722157 6.517325103603565e-05 0.020609113220471244 0.00124397629559813
44 (7, 0, -1) 0.1224372938742129 0.10416598371161401 0.0009166762926298108 0.5453874382173064 0.22709260790423688
45 (7, 0, 0) 0.04209032825936426 0.8542403807483558 0.0007669445237802828 0.09135373505746662 0.011548611411033038
46 (7, 0, 1) 0.00020523220161336773 0.001251158882373316 0.0002571149306197232 0.0007607874044168168 0.9975257065809768
47 (7, 0, 2) 0.004066919003450721 0.036607112126108635 0.0016060561917817177 0.002968785464455948 0.954751127214203
48 (7, 0, 3) 0.011190648543081204 0.1562401138980495 0.014229534802646817 0.0038942392075543165 0.8144454635486682
49 (7, 1, -3) 0.02792752718874619 0.37848001029894734 0.02277981719757479 0.005741576106045936 0.5650710692086858
50 (7, 1, -2) 0.2 0.2 0.2 0.2 0.2
51 (7, 1, -1) 0.2 0.2 0.2 0.2 0.2
52 (7, 1, 0) 0.2 0.2 0.2 0.2 0.2
53 (7, 1, 1) 0.2 0.2 0.2 0.2 0.2
54 (7, 1, 2) 0.2 0.2 0.2 0.2 0.2
55 (7, 1, 3) 0.004227370740250461 0.9875161516268177 0.001084393749760703 0.003976736252395871 0.00319534763077535
56 (7, 2, -3) 0.0015173120639834505 0.9830944176573624 0.006447009017582976 0.004858470779290323 0.004082790481780925
57 (7, 2, -2) 0.2 0.2 0.2 0.2 0.2
58 (7, 2, -1) 0.2 0.2 0.2 0.2 0.2
59 (7, 2, 0) 0.2 0.2 0.2 0.2 0.2
60 (7, 2, 1) 0.2 0.2 0.2 0.2 0.2
61 (7, 2, 2) 0.2 0.2 0.2 0.2 0.2
62 (7, 2, 3) 0.02619764041446638 0.07880292100352143 0.06899974803297323 0.019785486069670864 0.8062142044793681
63 (0, 0, 0) 0.1485651332171232 0.8480426545821195 0.003392212200038358 3.5951947505833013e-13 3.5951947505833013e-13
