9.845113220805544 10.288578893371994 10.916858455310528 9.134913988988366 9.877784707386397
9.334709154725804 10.491808001967545 10.613740506809235 7.913538949612763 9.673784191807947
9.17659853321754 10.796725373067037 11.008774154514352 9.371188305135416 11.066001087095753
12.038477793605791 12.685031349624488 13.072609834666173 12.34335465879584 12.519324210948195
8.068206632203113 11.624016263105355 8.490961097632873 7.855278403054919 8.565892033004516
8.602417661277112 11.543508473409421 9.597354722861006 10.240414436703022 8.127186250394983
9.520492655335353 9.741096343735995 9.030983224952593 9.47939956723242 10.589464313711279
0.0 0.0 0.0 0.0 0.0
0.0 0.0 0.0 0.0 0.0
8.107062888032027 11.422053471572223 10.165806402445744 10.286996309664652 10.045649766388866
0.0 0.0 0.0 0.0 0.0
11.599102867711338 11.354147627940375 11.025510120028631 11.021754417829408 11.384589733075565
0.0 0.0 0.0 0.0 0.0
0.0 0.0 0.0 0.0 0.0
0.0 0.0 0.0 0.0 0.0
0.0 0.0 0.0 0.0 0.0
11.202482905323045 11.147088998601486 10.987385645126801 10.215463709218398 9.970040645659298
0.0 0.0 0.0 0.0 0.0
9.58803941137131 12.176775873942884 8.126039073979507 8.390702011051415 9.128425664708585
0.0 0.0 0.0 0.0 0.0
0.0 0.0 0.0 0.0 0.0
8.419704408036235 10.74436474462605 8.517036615259952 9.112770615658176 11.597891109556777
9.062288519555146 7.370402078421561 9.137518407225805 8.04208026050627 8.78271716179297
9.569878998472454 9.113387871429142 10.968003945316882 9.696344630914924 9.814162492198145
11.173188968523542 12.380454707223945 10.801783361550044 10.509492405198387 12.784896588696865
8.491711263689309 9.769053278490782 9.548107321462814 8.488198167939762 11.722088990008704
9.99011784905795 9.927154661719666 9.042790026343894 9.11461556253601 10.211257407638016
10.097255867431889 8.961786925878345 9.249891550889906 8.032597954574143 9.56101291519325
0.0 0.0 0.0 0.0 0.0
9.721123969068698 8.77476679107837 8.795069366798614 9.454357978465637 9.848035304117161
0.0 0.0 0.0 0.0 0.0
0.0 0.0 0.0 0.0 0.0
0.0 0.0 0.0 0.0 0.0
8.917729411610297 8.61674780823159 8.552849270417505 8.690714456505962 9.652798816125129
0.0 0.0 0.0 0.0 0.0
0.0 0.0 0.0 0.0 0.0
9.264208920315726 10.38626513232311 10.209155745443885 8.626706978265497 8.501468643904106
0.0 0.0 0.0 0.0 0.0
0.0 0.0 0.0 0.0 0.0
0.0 0.0 0.0 0.0 0.0
9.112344780220115 10.66276836443585 9.41417451876745 9.492150417712887 10.092547880876232
0.0 0.0 0.0 0.0 0.0
9.751352732798736 10.645824229018762 6.739776514594567 9.183640200141578 8.74629639724389
9.34898120692043 11.617536306455772 6.814710312927108 9.692930073790233 8.289219859708497
9.974572165595351 9.893765471562066 7.527272221505861 10.721520878456932 10.283451608814104
11.562486622216353 13.067683946580644 9.5599072268118 11.949947216005173 10.91586023414046
8.03031399727578 8.934155736162111 8.143004575706065 8.685419960505943 12.274759582024522
8.4371223926697 9.535800808039749 7.972570338866525 8.279756004407961 11.16640489045373
8.984030778183786 10.302188546952811 9.104151399299923 8.456240706592128 11.127745273587287
9.057436967944149 10.360712177206347 8.955568014587936 8.266497425726888 10.561106302662273
0.0 0.0 0.0 0.0 0.0
0.0 0.0 0.0 0.0 0.0
0.0 0.0 0.0 0.0 0.0
0.0 0.0 0.0 0.0 0.0
0.0 0.0 0.0 0.0 0.0
8.974353293153031 11.70115960681676 8.294073717881709 8.943793903354877 8.834411123724719
7.666380206344782 10.90326259413412 8.389718163635223 8.248271878074389 8.161300359232529
0.0 0.0 0.0 0.0 0.0
0.0 0.0 0.0 0.0 0.0
0.0 0.0 0.0 0.0 0.0
0.0 0.0 0.0 0.0 0.0
0.0 0.0 0.0 0.0 0.0
9.991288374372974 10.541928733650279 10.475505127722846 9.850928022335916 11.704628436065276
13.373638118608016 14.244591851176189 11.483867521278611 0.0 0.0
