0 (3, 0, -3) 0.03929495897434312 0.533012531774142 0.011241270445520207 0.004537441985780842 0.4119137968202139
1 (3, 0, -2) 0.05120188787454864 0.755085939866264 0.058987901850205325 0.04534692056844403 0.08937734984053797
2 (3, 0, -1) 0.07421202854631954 0.07593696218730667 0.007747411195007065 0.10525978970803353 0.7368438083633333
3 (3, 0, 0) 0.017387618076701212 0.6865791336178731 0.11720338498392167 0.06075842326302213 0.11807144005848182
4 (3, 0, 1) 0.002694271766242666 0.90662149916411 0.0206369336148173 0.04485374145608606 0.02519355399874401
5 (3, 0, 2) 0.016160249724341245 0.3558043978168779 0.053776656476328254 0.010559646714182233 0.5636990492682704
6 (3, 0, 3) 0.08339526173265063 0.4183781944809154 0.03501490415997178 0.18275182468161513 0.28045981494484706
7 (3, 1, -3) 0.2 0.2 0.2 0.2 0.2
8 (3, 1, -2) 0.2 0.2 0.2 0.2 0.2
9 (3, 1, -1) 0.007665361123776493 0.9531275094915083 0.013471885807913624 0.02102247430189367 0.00471276927490791
10 (3, 1, 0) 0.2 0.2 0.2 0.2 0.2
11 (3, 1, 1) 0.023356093667277127 0.9281043221634543 0.002924838609242992 0.03849793984623782 0.007116805713787784
12 (3, 1, 2) 0.2 0.2 0.2 0.2 0.2
13 (3, 1, 3) 0.2 0.2 0.2 0.2 0.2
14 (3, 2, -3) 0.2 0.2 0.2 0.2 0.2
15 (3, 2, -2) 0.2 0.2 0.2 0.2 0.2
16 (3, 2, -1) 0.1496739314342874 0.8309261510319071 0.002358555676601991 0.012147594941069907 0.0048937669161336055
17 (3, 2, 0) 0.2 0.2 0.2 0.2 0.2
18 (3, 2, 1) 0.06146359495217149 0.8515588523014358 0.014959691851242659 0.023776830890286295 0.0482410300048638
19 (3, 2, 2) 0.2 0.2 0.2 0.2 0.2
20 (3, 2, 3) 0.2 0.2 0.2 0.2 0.2
21 (5, 0, -3) 0.0019779025491925045 0.31178793661661197 0.271667458139346 0.0025529408713770244 0.4120137618234724
22 (5, 0, -2) 0.059894249818298675 0.002164438463547348 0.6746228581831105 0.01320604893198951 0.25011240460305395
23 (5, 0, -1) 0.006849772350061997 0.013661561315348984 0.022687622441644517 0.0005726754486398282 0.9562283684443046
24 (5, 0, 0) 0.15527396127555035 0.39721585102253415 0.03590495330974336 0.04208335942578024 0.3695218749663919
25 (5, 0, 1) 0.003986870246920999 0.008935746638294426 0.0010991389003764745 0.02917088608622666 0.9568073581281815
26 (5, 0, 2) 0.2566304371484596 0.5066329809093431 0.006854348041459294 0.06349592695246765 0.16638630694827025
27 (5, 0, 3) 0.02136912584886249 0.027285080412169465 0.005495858958578108 0.003922169019123673 0.9419277657612662
28 (5, 1, -3) 0.2 0.2 0.2 0.2 0.2
29 (5, 1, -2) 0.18605912858393064 0.038934007176818344 0.06357589944267426 0.062130620470332756 0.649300344326244
30 (5, 1, -1) 0.2 0.2 0.2 0.2 0.2
31 (5, 1, 0) 0.2 0.2 0.2 0.2 0.2
32 (5, 1, 1) 0.2 0.2 0.2 0.2 0.2
33 (5, 1, 2) 0.6868729156031861 0.00546784831163908 0.011725750785929625 0.006472185409962868 0.2894612998892823
34 (5, 1, 3) 0.2 0.2 0.2 0.2 0.2
35 (5, 2, -3) 0.2 0.2 0.2 0.2 0.2
36 (5, 2, -2) 0.23118844786494605 0.004418259165486264 0.28517035489490417 0.03454349510046611 0.4446794429741974
37 (5, 2, -1) 0.2 0.2 0.2 0.2 0.2
38 (5, 2, 0) 0.2 0.2 0.2 0.2 0.2
39 (5, 2, 1) 0.2 0.2 0.2 0.2 0.2
40 (5, 2, 2) 0.030500252948309055 0.10003694463281727 0.013018462875855993 0.002345026086419529 0.8540993134565982
41 (5, 2, 3) 0.2 0.2 0.2 0.2 0.2
42 (7, 0, -3) 0.012058264843440802 0.740859571311473 8.583904812704552e-05 0.07978125869584743 0.16721506610111161
43 (7, 0, -2) 0.04292601228201752 0.08100214696672177 0.010796830484385072 0.6531954921808343 0.21207951808604142
44 (7, 0, -1) 0.0035136941987891483 0.10799980594531011 0.0022853021113244045 0.7064047831203218 0.17979641462425455
45 (7, 0, 0) 0.025886594790942675 0.8179588558519971 0.0005117090308287536 0.12612301770634665 0.02951982261988475
46 (7, 0, 1) 0.0008223398066171611 0.5167831983314091 0.001789197453207701 0.0033373073231249928 0.4772679570856411
47 (7, 0, 2) 0.007003593375788195 0.8887533312368716 0.01679232810733052 0.004444107397594074 0.08300663988241556
48 (7, 0, 3) 0.020659278805476675 0.4565071993666644 0.009218046551442734 0.00422603962584757 0.5093894356505687
49 (7, 1, -3) 0.02035096606522645 0.34189173408033796 0.038767861308605996 0.0010234582542341716 0.5979659802915955
50 (7, 1, -2) 0.2 0.2 0.2 0.2 0.2
51 (7, 1, -1) 0.2 0.2 0.2 0.2 0.2
52 (7, 1, 0) 0.2 0.2 0.2 0.2 0.2
53 (7, 1, 1) 0.2 0.2 0.2 0.2 0.2
54 (7, 1, 2) 0.2 0.2 0.2 0.2 0.2
55 (7, 1, 3) 0.0019998087429280473 0.12164000547005299 0.0006256047828747732 0.27505607390391446 0.6006785071002297
56 (7, 2, -3) 0.007692463418163177 0.6002248037232588 0.0381941522634131 0.00011891504531424126 0.3537696655498507
57 (7, 2, -2) 0.2 0.2 0.2 0.2 0.2
58 (7, 2, -1) 0.2 0.2 0.2 0.2 0.2
59 (7, 2, 0) 0.2 0.2 0.2 0.2 0.2
60 (7, 2, 1) 0.2 0.2 0.2 0.2 0.2
61 (7, 2, 2) 0.2 0.2 0.2 0.2 0.2
62 (7, 2, 3) 0.09206334283824584 0.5277878820230664 0.0775650237592699 0.08761460084138253 0.2149691505380353
63 (0, 0, 0) 0.2717828274932079 0.716847943495294 0.011369229009843806 8.270918883262766e-13 8.270918883262766e-13
