9.404621942709177 10.708346290402128 8.77886975609128 8.325255529574912 10.5794808707911
10.058114446824664 11.403642030071225 10.128892429613456 9.997397380158386 10.336659891162256
9.78178510832994 9.79327376051948 8.652001359022 9.956537725963132 10.929509955307383
11.121845694895525 12.959827265672395 12.075921900254961 11.747419384406534 12.079611453581748
8.687536401811368 11.59683495233351 9.705513608393645 10.093675929475104 9.80526651024018
9.857873240632186 11.403786555284725 10.459015726784065 9.645115898836993 11.633856241773156
10.030014599448132 10.836411749926954 9.596105754446487 10.422283394030337 10.63643407868687
0.0 0.0 0.0 0.0 0.0
0.0 0.0 0.0 0.0 0.0
9.664776809036153 12.076295343108225 9.94672348736281 10.16921703191478 9.421558842610349
0.0 0.0 0.0 0.0 0.0
9.418220548263093 11.259363659144643 8.37941123926563 9.668093952535783 8.824021082374854
0.0 0.0 0.0 0.0 0.0
0.0 0.0 0.0 0.0 0.0
0.0 0.0 0.0 0.0 0.0
0.0 0.0 0.0 0.0 0.0
10.9223136686775 11.779354561562181 8.8471088150286 9.666649701382106 9.212065268620519
0.0 0.0 0.0 0.0 0.0
10.21463349392291 11.528945277024938 9.508090657229268 9.73976677741244 10.093515922085292
0.0 0.0 0.0 0.0 0.0
0.0 0.0 0.0 0.0 0.0
8.739530138778132 11.269673289648937 11.200801025439416 8.867134645228699 11.409040032094895
8.85856911232411 7.198359339058292 10.069355763299146 8.102616348770287 9.573234077858384
8.892962377706239 9.238147741605534 9.491764423072791 7.65213660363063 11.362353050454175
11.805290207229557 12.274934601947502 11.073132313396936 11.152520882560642 12.238799652892176
8.581678737468938 8.985205329774827 7.937439003254486 9.576761055575977 11.321976512312128
10.348303537587817 10.688378425420424 8.536926607204704 9.64997288714341 10.13164112397649
9.510992448464158 9.633188890857985 8.83201631299715 8.663341277971883 11.403983161908089
0.0 0.0 0.0 0.0 0.0
9.381335752676831 8.599237537873018 8.844420722747886 8.83292296860902 10.006251188182057
0.0 0.0 0.0 0.0 0.0
0.0 0.0 0.0 0.0 0.0
0.0 0.0 0.0 0.0 0.0
10.623377610491998 8.206745553905748 8.588196637818395 8.291059878900858 10.191313769688819
0.0 0.0 0.0 0.0 0.0
0.0 0.0 0.0 0.0 0.0
9.970359228362632 7.991615525851915 10.07528601266308 9.019852272347423 10.297419478438963
0.0 0.0 0.0 0.0 0.0
0.0 0.0 0.0 0.0 0.0
0.0 0.0 0.0 0.0 0.0
9.687510712974278 10.281413006535086 9.261827510051665 8.404791487545744 11.353666964056655
0.0 0.0 0.0 0.0 0.0
9.392351597117296 11.451381992608985 6.9198358103199515 10.33712075685984 10.707116847566565
9.478421338809635 9.795920174311147 8.788308652964716 10.83962057424001 10.277162989097874
8.707435983585961 10.420166717596764 8.49235111775088 11.359196212631034 10.675014592900798
11.60365294535545 13.330196334250743 9.641790758492398 12.39541919664315 11.669321311267959
7.887465551315018 11.109078061452086 8.276149925541645 8.587848486546953 11.069305384996278
8.42646528821505 10.848163474513818 8.863714670760139 8.199043129025396 9.662713911435135
8.967119261596878 10.514839219292119 8.56361855611288 8.173669631855361 10.569643395701187
8.982845129542012 10.393527997878818 9.305076731213159 7.487874606925894 10.673047869508698
0.0 0.0 0.0 0.0 0.0
0.0 0.0 0.0 0.0 0.0
0.0 0.0 0.0 0.0 0.0
0.0 0.0 0.0 0.0 0.0
0.0 0.0 0.0 0.0 0.0
8.44713123621003 10.501138416373575 7.866087240224359 10.909092953477343 11.299635393214114
9.56417149499946 11.742703087615979 10.365392169550365 7.479377985785825 11.478373978194355
0.0 0.0 0.0 0.0 0.0
0.0 0.0 0.0 0.0 0.0
0.0 0.0 0.0 0.0 0.0
0.0 0.0 0.0 0.0 0.0
0.0 0.0 0.0 0.0 0.0
9.315129442632605 10.188238250206739 9.229449318424512 9.290364848171675 9.73913828399072
13.259054317847447 13.743984530763475 11.672007906474521 0.0 0.0
