5.368393716731691967e-01
5.024272997607305280e-01
5.029088804111879751e-01
5.058897825833754691e-01
5.038074834904882060e-01
5.096241464542855537e-01
5.022531922522645020e-01
5.026863379349051364e-01
5.070884147998243607e-01
5.068411930011931243e-01
5.050796531550628687e-01
5.077886666400608373e-01
5.058922853556305776e-01
5.061998450594954457e-01
5.079550883411829698e-01
5.050939983441630199e-01
5.094889519225742625e-01
5.024457389157234166e-01
5.071243910522312826e-01
5.070653312894776166e-01
5.070154088377191171e-01
5.036268756855422080e-01
5.055982139850913049e-01
5.040141647288884919e-01
5.061685745572460648e-01
5.069960332430522021e-01
5.067853984931720568e-01
5.023023657387021279e-01
5.064225961723310965e-01
5.082212964791849030e-01
5.084718627063855578e-01
5.027788332540877869e-01
5.068328199524685385e-01
5.079993223901960731e-01
5.036105676356741334e-01
5.055859974166032611e-01
5.060363050152802966e-01
5.058170093493845609e-01
5.055161137219204015e-01
5.059565907277253638e-01
5.049549347045912961e-01
5.073736641085686561e-01
5.077553734097531857e-01
5.070539456419581592e-01
5.082523190477543640e-01
5.093120314893051503e-01
5.080109481507546487e-01
5.057745990786279844e-01
5.080157931142222916e-01
5.096957556173911108e-01
5.045456394787305454e-01
5.044625228592153343e-01
5.068051297345138595e-01
5.081881449254229688e-01
5.053812877005493531e-01
5.097446484955476809e-01
5.083621858299579577e-01
5.080136628858850090e-01
5.114223781971064531e-01
5.113158493770759705e-01
5.368114619297729151e-01
5.348169388247249190e-01
5.385540011439887698e-01
5.355175555560420797e-01
5.351015170600285087e-01
5.395615112367359023e-01
5.355183158451950476e-01
5.417064049905565559e-01
5.442879303757148790e-01
5.413247493536542665e-01
5.391482133905515228e-01
5.367968233144805312e-01
5.393806505575062804e-01
5.388407974559102920e-01
5.394027889496471051e-01
5.397638466768416299e-01
5.409867068820648495e-01
5.392309209914942780e-01
5.402711292043894664e-01
5.386065826911833332e-01
5.385176861866730613e-01
5.400979025287557800e-01
5.373788015398661688e-01
5.427968888241301304e-01
5.423361116666088888e-01
5.420705016410375388e-01
5.429717170189245490e-01
5.404370644006776248e-01
5.411411535593692035e-01
5.458750372293982300e-01
5.432646485434993178e-01
5.451382103460103989e-01
5.471011248135482230e-01
5.464695427505444902e-01
5.461774201033785525e-01
5.484967461498216901e-01
5.515584772782101686e-01
5.516928814581245621e-01
5.584873758127006926e-01
5.548928837956605964e-01
5.604236307135639361e-01
5.647870754148549555e-01
5.656712515772851502e-01
5.672385044193152259e-01
5.720934445557546155e-01
5.661618590428166842e-01
5.732503146682574879e-01
5.773634904027282744e-01
5.804834382593866415e-01
5.746236293164037612e-01
5.756294401586088405e-01
5.743462589913079785e-01
5.740295061284647060e-01
5.746487681817605830e-01
5.812405867432064444e-01
5.793482721035814187e-01
5.774090566449168183e-01
5.787407468397998134e-01
5.748627992708891243e-01
5.776882957028192100e-01
5.842014441819515236e-01
5.811820788239354663e-01
5.836941843214151771e-01
5.761086493472660219e-01
5.809361908803639674e-01
5.828116467245771926e-01
5.897145926297627794e-01
5.859308386820162307e-01
5.903433849523332944e-01
5.897947408499237820e-01
5.898454788155604867e-01
5.870954963805581350e-01
5.797656781694279227e-01
5.823354524357123863e-01
5.925334830001849351e-01
5.826588514828990872e-01
5.802100757892133531e-01
5.878048985006357752e-01
5.873944230506764619e-01
5.936400765580127636e-01
5.923448749025381765e-01
5.926928961908047855e-01
5.966588020021299510e-01
5.976392976096628340e-01
6.035755790944342669e-01
6.077914845664357246e-01
6.057663157809317633e-01
6.049718190568752485e-01
6.031627925521293454e-01
6.059668169670963112e-01
6.002328701479352491e-01
6.044373459733782816e-01
6.053723588652921705e-01
6.065147688764083167e-01
6.015466630760244460e-01
6.023059858544147493e-01
6.020988209781883427e-01
6.125325154683658457e-01
6.079530120206489974e-01
6.126484273114518597e-01
6.127610197117614454e-01
6.079048746249527957e-01
6.070774581890543420e-01
6.100215593498621303e-01
6.108860812005202368e-01
6.123703886204444613e-01
6.182930029426361163e-01
6.172508937454759259e-01
6.191552109826052863e-01
6.169223052748150637e-01
6.185807216533423247e-01
6.201698170958850342e-01
6.184990409717722182e-01
6.166823966048495809e-01
6.196547102599559986e-01
6.203787254966074416e-01
6.169796749600996444e-01
6.128091792682547334e-01
6.189268655698251242e-01
6.201753983424269645e-01
6.201558540433572686e-01
6.197452365703614019e-01
6.204642753905430519e-01
6.226078607119475139e-01
6.228667622071937249e-01
6.220083871457259272e-01
6.212345268599809289e-01
6.193523876330001565e-01
6.202444298507913123e-01
6.194138289767876504e-01
6.195523290435785979e-01
6.196071034036598757e-01
6.242407174133074443e-01
6.222333559918602486e-01
6.200205454779841308e-01
6.173122897709213408e-01
6.184915894148423909e-01
6.169807287873394497e-01
6.213921442018369712e-01
6.254862068565162359e-01
6.264897774891786675e-01
6.241788221389727997e-01
6.276863478574544741e-01
6.264068168916614443e-01
6.275480116923592977e-01
6.277685833242975244e-01
6.272084317136543685e-01
6.280295506640994896e-01
6.276128375276603943e-01
6.251334670334690591e-01
6.244321311160906385e-01
6.243316209128945138e-01
6.245930870245088862e-01
6.240553921145494121e-01
6.252132258516953645e-01
6.296533656619267560e-01
6.324064189335411035e-01
6.317465022295063459e-01
6.278742678502539087e-01
6.234333367639037782e-01
6.252305581955789338e-01
6.256112782754488233e-01
6.282297397944774930e-01
6.284840108537286252e-01
6.279682208990718939e-01
6.286330041393296542e-01
6.292979775045962620e-01
6.278154899944988765e-01
6.256818969808840558e-01
6.273728395650146616e-01
6.264318180935657399e-01
6.268071229056569882e-01
6.323534020493679630e-01
6.282200761873332207e-01
6.272093752564011915e-01
6.292298296610232544e-01
6.292805919236471590e-01
6.306158673088172462e-01
6.292114290803492160e-01
6.265296512101644621e-01
6.297681957322580626e-01
6.267195157377066783e-01
6.268971841597814620e-01
6.327367924026987556e-01
6.294858896737202114e-01
6.323209828661837673e-01
6.310505902330690864e-01
6.337233157886060786e-01
6.312642579053199254e-01
6.318759446241239974e-01
6.291198396938149084e-01
6.259250099267549272e-01
6.307697025516553202e-01
6.305955268254896939e-01
6.315672172468363987e-01
6.273766830557809815e-01
6.228574722000225217e-01
6.238859904940582402e-01
6.253747028541669639e-01
6.321838665052533779e-01
6.279257644460509713e-01
6.292600389081962620e-01
6.296690233265168635e-01
6.338008888121996476e-01
6.307298458193877355e-01
6.294151640703188333e-01
6.302925739301292740e-01
6.323368406728480107e-01
6.347223699403681252e-01
6.286910870770392457e-01
6.313472656880722012e-01
6.284429128357058580e-01
6.259526440234015610e-01
6.266469303499682120e-01
6.287287539853113616e-01
6.309812017863742906e-01
6.309952055895864387e-01
6.265995741821688281e-01
6.264726256895053469e-01
6.260656716821279000e-01
6.269976196812383495e-01
6.287770409125471582e-01
6.287697995486852820e-01
6.262064150930021222e-01
6.308564148092810075e-01
6.324802990473332720e-01
6.331816522943930492e-01
6.332615863433016523e-01
6.320234558805980507e-01
6.357692003041470752e-01
6.292754265313373896e-01
6.307082150046663394e-01
6.264810045592614784e-01
6.225194306959233037e-01
6.273899461333088956e-01
6.310547557408590080e-01
6.305125375140920863e-01
6.263782013472816157e-01
6.284408206057385815e-01
6.291163262656698230e-01
6.306992691424287978e-01
6.261366846904115047e-01
6.312822404512400398e-01
6.255173108118347036e-01
6.272305440494269080e-01
6.270405762906353653e-01
6.277320391193286220e-01
6.251395577831483363e-01
6.209705138233910793e-01
6.265697571269220889e-01
6.228821870110861081e-01
6.250322553534641834e-01
6.265285109748912618e-01
6.287423961148719265e-01
6.303189435831620946e-01
6.242870952684251851e-01
6.312941456492187076e-01
6.324001164046207935e-01
6.299231484857339414e-01
6.270036596829983155e-01
6.308384445272623431e-01
6.299697829461272658e-01
6.256386681506340697e-01
6.248991511188286552e-01
6.264241193030303245e-01
6.265544026753542273e-01
6.204454846031370874e-01
6.227379115653207675e-01
6.203188216246365849e-01
6.238701128493003845e-01
6.244980064291811850e-01
6.272529943526696794e-01
6.289680949840553703e-01
6.268718488685171009e-01
6.295880428879797597e-01
6.274369463219845455e-01
6.311033244863146763e-01
6.333434335282560612e-01
6.293435693247054763e-01
6.300427507934835969e-01
6.267512218328487039e-01
6.274349477180545254e-01
6.350442786308667653e-01
6.303830051790018096e-01
6.307871944780376605e-01
6.325186105342450738e-01
6.325063286617702563e-01
6.303679465575984242e-01
6.315224215662398333e-01
6.338164799921091053e-01
6.330085238472075160e-01
6.309362393592071738e-01
6.297081597282520038e-01
6.282697980275248062e-01
6.287803034875761865e-01
6.343254408039655790e-01
6.322247119072912369e-01
6.279169476813769579e-01
6.278753762475939304e-01
6.312766934640194894e-01
6.320419863449766584e-01
6.309051143795577632e-01
6.316882316579193191e-01
6.341547932982799507e-01
6.344681949577356539e-01
6.327117649255701304e-01
6.336111653272461508e-01
6.285279012323374825e-01
6.302907039293210723e-01
6.291544234624371068e-01
6.297314204205843868e-01
6.305729963376711655e-01
6.304813123413678388e-01
6.291406788418184570e-01
6.259110084156797038e-01
6.308764718717618791e-01
6.281368608566471057e-01
6.282533471211667608e-01
6.314359801617308587e-01
6.339958519140792559e-01
6.289758806989883544e-01
6.291674245199344595e-01
6.311585081787084439e-01
6.322868301917874412e-01
6.292957069902969103e-01
6.334987976883431626e-01
6.330955427110300793e-01
6.340560505812189440e-01
6.325326224152089116e-01
6.323098335522121527e-01
6.334955187917431507e-01
6.334648849897225320e-01
6.347737269508965108e-01
6.313429454983930933e-01
6.331795738505701099e-01
6.313185709303860138e-01
6.323174227387374779e-01
6.307512142314621872e-01
6.310987276248992695e-01
6.339467210635399974e-01
