9.111890917730756934e-02
8.560577136176026822e-03
1.023345448627200997e-02
9.903879080474426583e-03
1.008193626868880699e-02
9.396556343730291111e-03
1.000185717582478991e-02
1.047018823479921486e-02
1.017798763016590849e-02
8.351167643889569753e-03
1.063182113352839457e-02
8.853330289062546002e-03
1.164836227674718484e-02
8.023170094534565547e-03
9.232591652805120785e-03
1.154052538816652262e-02
1.053073054693798652e-02
9.356274345150497954e-03
9.935963809034976946e-03
9.837998842727279161e-03
8.241802061756594092e-03
1.041177994108848440e-02
1.066793523536842432e-02
9.203946892917177006e-03
1.136763949618997856e-02
9.105318529187523061e-03
1.015041475019570066e-02
1.184928198699693354e-02
9.425516575746783685e-03
1.022536784525674564e-02
1.096044661877095677e-02
9.538102368597348515e-03
1.075450391704167730e-02
8.242856859352666946e-03
9.510914347856981588e-03
9.712548176230179423e-03
8.476695372266208547e-03
1.043231409646901836e-02
8.562744977341624902e-03
1.066258679707404039e-02
1.051987878456765897e-02
1.064751072444172948e-02
1.061121223079902406e-02
1.056020112368177659e-02
9.416989600980842090e-03
9.452084733816080303e-03
9.348022917904368068e-03
7.168898636478627552e-03
1.047954535394749788e-02
1.078004944780866156e-02
1.178528868388154655e-02
1.086180269673636158e-02
1.136473762368154367e-02
1.022595081788251273e-02
8.061002242087816211e-03
1.065665488956730501e-02
9.190954340042020027e-03
1.003049605412706033e-02
1.024815951738376231e-02
7.779760181107344547e-03
6.776509155930150741e-03
9.046639579914276738e-03
8.668614499593567738e-03
8.328996476392517417e-03
8.651587042840795660e-03
9.068148155046796416e-03
1.085321071780999749e-02
7.608798809481587613e-03
9.113653537415427469e-03
9.570324860984769436e-03
9.746393182216638376e-03
7.601981845098264648e-03
9.597810041647652363e-03
8.461220829668256171e-03
9.194132903082302341e-03
8.588012778271501835e-03
8.330727529265235382e-03
9.266861812941742937e-03
7.960630786533435393e-03
9.551589819144945537e-03
7.630458766492747430e-03
9.953299990844634293e-03
9.451254834292934295e-03
7.942915058682454774e-03
8.400106225300737334e-03
1.057590752184368009e-02
1.125187624357140703e-02
1.012721658351077234e-02
1.105326372729676515e-02
1.329638801549322055e-02
1.326838874832199019e-02
1.465831174959328354e-02
1.301435666204207170e-02
1.669333004307892165e-02
1.539122389937167858e-02
1.598244486837791661e-02
1.333986842193104518e-02
1.173535165591157656e-02
1.916214218906606148e-02
1.966644631545005212e-02
1.662938484997964275e-02
2.156530915535458809e-02
1.987852312638792307e-02
2.227446929564267514e-02
1.852221066815298162e-02
2.251340400541713277e-02
1.544012111056579199e-02
2.221633600026120745e-02
2.174919457034551334e-02
2.147562047195991988e-02
2.411634596669835068e-02
2.017277684795946296e-02
2.216756392370954412e-02
1.928925570149627247e-02
2.733461485836649260e-02
2.644516009761036651e-02
2.892624416305580523e-02
2.558148356322449690e-02
2.393699436038395842e-02
2.741500673996429341e-02
2.547985072045439239e-02
2.507515629649009412e-02
2.766718583120448410e-02
2.742047583650021950e-02
2.479809452113006241e-02
2.515747036971314674e-02
2.760410783487042899e-02
2.509092811930451958e-02
2.677170922077961451e-02
2.888368268749780254e-02
2.655512172976673760e-02
2.858543926261954832e-02
2.578580359448370482e-02
3.253067443970761308e-02
2.938015421614103076e-02
2.647816837010606369e-02
2.680333256054651114e-02
2.579897742778931857e-02
2.247125072495733886e-02
2.818902094660628160e-02
2.305691983351530749e-02
2.692202798575297346e-02
2.217796384373657906e-02
2.239493047374307294e-02
2.111219298970090988e-02
1.755505400301203903e-02
2.096614012730564289e-02
2.048069591193003164e-02
2.068869049726326098e-02
2.256534572912314088e-02
2.995711091161547268e-02
2.459282551190908328e-02
2.146083278183223350e-02
2.557315594522488120e-02
2.258361608745777446e-02
2.335725186599004605e-02
1.998976535275336433e-02
1.992073152864418453e-02
2.472405716598765485e-02
2.007741877063107597e-02
2.389113885850488103e-02
2.692645055366940654e-02
2.516413631262084255e-02
2.218037520529379109e-02
2.168999728325295487e-02
1.832920524410378699e-02
1.600873854078129627e-02
1.491101896148685525e-02
1.497552854989621894e-02
1.798040878561058334e-02
2.104493391997215926e-02
1.712731067891445913e-02
2.082492593196401051e-02
1.845002292932172369e-02
2.140699965482405903e-02
1.543765041063682210e-02
1.491627864593891503e-02
1.685603679223823814e-02
1.815924251107694370e-02
2.173121293012778357e-02
1.765905621831572597e-02
1.754608278955863479e-02
1.945299628894280042e-02
1.586382172253589934e-02
1.744022979936320564e-02
1.396648139379574709e-02
1.351612568708650090e-02
1.811420490206025122e-02
1.795240992865149154e-02
2.169247281318647039e-02
1.983341378675031533e-02
1.869863637649588420e-02
1.845514434397388034e-02
1.834180249244189362e-02
1.839579267361824907e-02
1.583374169625902106e-02
2.083046439493208696e-02
1.931953086263822963e-02
1.996648407402948008e-02
1.552140008824146218e-02
1.310139855829685167e-02
1.735395780017573789e-02
9.432405758779984634e-03
1.013186760978854878e-02
1.883560092061055055e-02
1.205050692419046797e-02
1.295679250715330542e-02
8.556420108984465894e-03
1.522169801842221740e-02
1.895151490530650601e-02
1.837433776266530691e-02
1.428298985490236359e-02
1.542283600021273141e-02
1.950476257021122733e-02
1.893623861992744378e-02
1.199481786147901102e-02
9.975165031706766799e-03
1.076425240432618557e-02
1.396963673729493226e-02
1.465533316029096929e-02
1.394211605404730922e-02
1.340168649934645080e-02
1.133720899808134293e-02
1.527219650405095205e-02
1.000538214883975492e-02
1.397109862582479253e-02
1.250203328695866957e-02
1.171647775084582073e-02
1.402068621009887502e-02
1.149264912074765728e-02
8.983937149901135774e-03
1.219598501726198297e-02
1.034437577753400360e-02
1.063961799158787830e-02
1.478975525232324728e-02
1.867269732707010563e-02
1.477280029378911716e-02
1.531013008396710229e-02
1.264557568848173261e-02
1.589683727767769728e-02
1.202883905852913764e-02
1.414236561647119750e-02
1.444381532016407108e-02
8.603272029998587297e-03
1.110878934226082991e-02
1.336119038711958140e-02
1.092075230914477287e-02
1.095937187678652433e-02
1.109512351687384595e-02
1.296276745767553119e-02
1.283668084250230365e-02
1.268455499625415796e-02
1.356305985563817894e-02
1.362532283179560683e-02
9.502808444840684862e-03
1.562338407769823731e-02
1.586476935258062174e-02
1.732399915873300902e-02
1.538419671404374009e-02
1.280064799202754698e-02
1.279814337020607033e-02
1.196221954643717118e-02
1.383081530461883688e-02
9.866195119896219168e-03
1.454605235393442893e-02
1.222563068959819053e-02
1.554188552282498997e-02
9.153097126368865688e-03
1.056466502002135523e-02
1.298068298925540189e-02
1.199049535265787891e-02
1.216169037705018205e-02
1.409183458497561756e-02
1.339784285406166349e-02
1.624763509602641237e-02
1.460976250348581217e-02
1.322938696907725691e-02
1.341123963600328664e-02
1.478029048949811887e-02
1.863834863245925413e-02
1.913108379757478064e-02
1.411230617895501728e-02
1.053386143791998353e-02
1.313652997002911875e-02
1.240052701058767456e-02
1.339760074526210112e-02
1.229793155071559445e-02
1.167612567469367146e-02
1.382902234129706684e-02
1.087062485962137816e-02
1.364352073384376453e-02
1.781574752481995816e-02
1.650897689359059894e-02
2.102030142533621929e-02
1.501756349936805325e-02
1.217332259749013927e-02
1.436153705971308925e-02
1.342318805103997169e-02
1.268265966550094492e-02
1.126189506461100671e-02
1.136876085916903832e-02
1.360527171540045106e-02
1.261009907550926859e-02
1.483057923253175599e-02
1.472535593508234042e-02
1.814048735251879915e-02
2.086990175429240951e-02
2.303014634785920459e-02
1.997108158789403023e-02
1.810211642977286803e-02
1.947761678064619320e-02
1.549806815794610437e-02
1.377581862967864994e-02
1.135265537710655574e-02
1.352260768059827291e-02
1.915766611217923146e-02
1.364294982582752065e-02
1.222773311545392178e-02
1.683390775569845385e-02
1.802578301169524902e-02
1.349486916692060542e-02
1.542441508006963703e-02
1.781366707926644241e-02
1.937025205372144496e-02
1.716277565436777341e-02
1.571546598834470607e-02
1.725499321547485643e-02
1.685152078144458790e-02
2.236908616775774156e-02
1.911316395771596108e-02
2.004614834981046506e-02
1.473959799609632533e-02
2.260590580195461288e-02
2.083981013111743316e-02
1.494953611002124323e-02
1.497318744710389796e-02
1.079956353520655082e-02
1.335994738330609742e-02
1.244604803398345616e-02
1.294030997972784279e-02
1.409814410315772017e-02
1.604273208802271811e-02
9.965609835978730957e-03
1.332904810804951337e-02
1.317436380078307323e-02
1.127514408970420670e-02
1.133011401925855186e-02
1.265039313048493645e-02
1.361951164783067013e-02
1.219189378155619528e-02
1.142743347176058445e-02
1.387572982744672209e-02
1.174173435208755549e-02
1.555395703324601205e-02
1.255902289513088216e-02
1.126630967386384533e-02
1.205767281275511513e-02
1.382150968192851111e-02
1.658269043803520248e-02
1.491002178717820530e-02
1.566641406350266497e-02
1.403844105504451281e-02
1.185025974246707234e-02
1.121843281118337608e-02
8.221552773845577922e-03
8.192854343805771461e-03
1.075250523734116656e-02
1.460908351427689031e-02
1.314397954960575682e-02
1.482059285021356497e-02
1.425308000895861467e-02
1.533830241538187630e-02
1.560228433988127689e-02
1.557999647136946650e-02
1.952545214174856297e-02
1.665894783699852985e-02
1.621180270874054974e-02
1.666179434741868470e-02
1.127519497700505552e-02
1.171740563510350643e-02
1.530881256277941659e-02
1.368703080171121064e-02
1.328650232057471993e-02
1.637078078701266134e-02
1.760553250951792797e-02
1.205495310809887727e-02
1.826430020427542017e-02
1.340698293666213632e-02
1.184463526809251786e-02
1.135671586473796339e-02
1.132088979176841537e-02
1.227617879817971200e-02
1.116886355113169520e-02
1.289441451362484566e-02
1.536509163958897986e-02
1.246139108541403050e-02
1.354782122242298610e-02
1.515629079857851169e-02
1.693330929526976059e-02
9.994136171344088909e-03
