5.686390609380372885e-01
4.537196338969674836e-02
5.209050731857897687e-02
7.165183219323063846e-02
5.962673818762179861e-02
6.238383288696001949e-02
6.580747636484583774e-02
9.029019522948300569e-02
8.398194893058757993e-02
7.445715468237673607e-02
7.173745231246944631e-02
7.202723334902642882e-02
7.357053222255656444e-02
9.860670136927027207e-02
7.277559739567313057e-02
9.009256516615346544e-02
1.027977558980421313e-01
9.652287131214200289e-02
1.182293977908899923e-01
9.655642576257220111e-02
9.675977002439258012e-02
1.063121638313569844e-01
9.349976051829519963e-02
7.724503346595748554e-02
1.256814489212015051e-01
1.049041418600415998e-01
1.067929808437077660e-01
1.110947527622172110e-01
9.624123400920772675e-02
8.938377858829514577e-02
8.896834188389675380e-02
1.015206923112647874e-01
1.058661663965614064e-01
1.084683694751712030e-01
1.082582944798890778e-01
9.994744434926713939e-02
1.099225070370089125e-01
1.280921821248286463e-01
1.076877194664724036e-01
1.153760669465162120e-01
1.148989401386276560e-01
1.090071202199276862e-01
9.744078301297953715e-02
8.880501259586837115e-02
8.846681080246591999e-02
7.816102280919473566e-02
8.363221167828249758e-02
9.606400718006634365e-02
8.418320022184619389e-02
9.975187221665289539e-02
1.052124614660230745e-01
1.121584234040388373e-01
1.000394381775039088e-01
1.165341326920451004e-01
8.727799183625387092e-02
1.212205739918875563e-01
1.105137022575542610e-01
9.973330091636703476e-02
1.123800903830518699e-01
1.322156851645281128e-01
1.204592954698862628e-01
1.181530709210267260e-01
1.406029492814619142e-01
1.049712845259445082e-01
1.007670571777117552e-01
1.102321096562743769e-01
1.172217581709220635e-01
1.314823811773786488e-01
1.057081730277586590e-01
1.209214070047416878e-01
1.287763995419962393e-01
1.033366407421420219e-01
1.091963280348280385e-01
1.192827891118007494e-01
1.311633665943792992e-01
1.519884378886506848e-01
1.040443597751141008e-01
1.023255837917716043e-01
9.959924370211147016e-02
1.146466427220152046e-01
1.524630775874771527e-01
1.697180999791923772e-01
1.517699979802170085e-01
1.367205890340672525e-01
1.245866250603971243e-01
1.308477660938148768e-01
1.167338662340098449e-01
1.002671128841216980e-01
9.915353565368265065e-02
1.156749172231499312e-01
1.323187234874073359e-01
1.340666838618661261e-01
1.332930786692287373e-01
1.561320533407797584e-01
1.568356435392024018e-01
1.390147481095574677e-01
1.602021880309721646e-01
1.414296428382210702e-01
1.276340165365367207e-01
1.171045843995561775e-01
1.327569564538068625e-01
1.464279684255308522e-01
1.189647479200370561e-01
1.230980104687064564e-01
1.177872486486827158e-01
1.266776481388231790e-01
9.813048599738777300e-02
9.699339157253727972e-02
1.201578696969690385e-01
8.387931343213407553e-02
9.373706716541868600e-02
8.867826492883791600e-02
8.386831666486067871e-02
1.174784112258530355e-01
8.471796548421778317e-02
7.608888185188471265e-02
7.392843632688701760e-02
6.720765305431407322e-02
7.826247152515825034e-02
8.174031967388034614e-02
7.802334987393928778e-02
7.001063599217378919e-02
7.092009212114136485e-02
7.843234006101848510e-02
7.193362794040497610e-02
8.037088576367121262e-02
4.670916339224173014e-02
5.642364545023585004e-02
5.423794111585777261e-02
5.362876905172880848e-02
4.373967883770266823e-02
5.842777128124468367e-02
6.169557593234814563e-02
7.871123513415376194e-02
5.815076390049703225e-02
6.186349311315342964e-02
5.637004161777219718e-02
4.840161049498351714e-02
4.982354432776628372e-02
4.771903103662107626e-02
5.803546073846314185e-02
5.453809854475250712e-02
5.664086468297443999e-02
5.646752159529472986e-02
5.478546708067906501e-02
5.891047692221447474e-02
4.472380259512113293e-02
6.165628921655637307e-02
4.959167472310661851e-02
6.286205312301701431e-02
5.441449680734128380e-02
5.432069444539959491e-02
5.167535448415781774e-02
5.603441126385060034e-02
4.973432895137389065e-02
5.916804284861599400e-02
4.596085171127676366e-02
5.768519260764348039e-02
6.587301647001141125e-02
5.599546425793457127e-02
5.302505083069636999e-02
4.358499807310511898e-02
4.670341211461515041e-02
5.501216365035205974e-02
4.557982096082990181e-02
6.387110646837661221e-02
4.974332927045352348e-02
4.544792470228584819e-02
4.550270196121611321e-02
4.716472884618508332e-02
4.695176696685886969e-02
5.327131282542951762e-02
4.301573680746782063e-02
5.247066867168632270e-02
4.840165627879214338e-02
4.443304536271252408e-02
5.287285578451535878e-02
5.282451019169671913e-02
6.665297809111227212e-02
5.623843515810578869e-02
4.907549081844236188e-02
4.790726569186121858e-02
4.777597936303518145e-02
4.948571396533751887e-02
5.275804798304380844e-02
5.698302953387894554e-02
5.282168664061158425e-02
5.215573077122546281e-02
2.880171151303185031e-02
5.573962962635750640e-02
4.302960255982209853e-02
4.829897011002733803e-02
5.558728266075470270e-02
4.552032829017729765e-02
5.282349672895361725e-02
5.659488125552861182e-02
5.272390833323503667e-02
5.530177522495151321e-02
4.757252005561279917e-02
4.241677856543688702e-02
3.957824121892118685e-02
4.408147271139101209e-02
3.783546363727697398e-02
4.642042049518881053e-02
4.522514951310459969e-02
4.817217277542746451e-02
4.070370214357386940e-02
3.643469369856995599e-02
4.194220454312338336e-02
4.714284594872360928e-02
4.845077775142780235e-02
5.052930506654544629e-02
4.328631307426984709e-02
4.536459832500828321e-02
3.774987738141746818e-02
2.862690598129882802e-02
3.407981975934423063e-02
3.952410021236441723e-02
3.695604318276366623e-02
4.677230114198465544e-02
3.695555900143292910e-02
4.374842403064271162e-02
3.329267371478428217e-02
3.277590026319753685e-02
3.522213005414368686e-02
4.463624313695509910e-02
3.748277307863685792e-02
3.153651733434191529e-02
4.353325946075881081e-02
3.902136723495169129e-02
4.809048845767752850e-02
4.084210983527664096e-02
3.612726798230660868e-02
4.409913647926269609e-02
4.483549693302067707e-02
4.914723480914512388e-02
4.728112242747215671e-02
3.345079242545036941e-02
3.284876076011174206e-02
5.016838991078083343e-02
4.635212850979854998e-02
3.684673957304088893e-02
3.781053792328992191e-02
4.662793579006341282e-02
2.582390714682968741e-02
4.059452173815158299e-02
3.899377712313430167e-02
3.857220168409375427e-02
3.566873156189689226e-02
4.743681837257199968e-02
4.806423141011266498e-02
3.718787231270379023e-02
3.285872003334854019e-02
4.307345588591581648e-02
4.671069337053783410e-02
3.727845315193810405e-02
4.209608797394637225e-02
5.614312945359584833e-02
4.608384171997605139e-02
4.691496047221436344e-02
4.272434161280207893e-02
4.244770247788603318e-02
4.819087204907333832e-02
4.701009013926763652e-02
3.139079744263692517e-02
4.412096304807044955e-02
5.304731684748435760e-02
3.492059830811518328e-02
3.124610497186979668e-02
4.141359397793192842e-02
3.752093749182029009e-02
4.786919264569682031e-02
4.247746616012987309e-02
3.834835273492297192e-02
4.196030808551621388e-02
4.214338876201761952e-02
4.251112557506583900e-02
4.065491388153268798e-02
4.459704249395747555e-02
7.251230505274963711e-02
4.025194805267372222e-02
3.338912990137704595e-02
5.931975719210734466e-02
3.813494795500411982e-02
3.819407786235915619e-02
3.823051287117198993e-02
4.469912689984242848e-02
3.375973795459042553e-02
4.007689330935787497e-02
3.611588491739974732e-02
4.887450685835900699e-02
3.633774221812567651e-02
3.562261077095405654e-02
4.029970763701489628e-02
5.141103276044949738e-02
4.664542492223355818e-02
4.509444500127062633e-02
4.369386651852127240e-02
4.278488759715878137e-02
3.711435174678106436e-02
4.496932599769484090e-02
5.034706588521473819e-02
4.643010732295844989e-02
5.072839785480928038e-02
4.920268827151208502e-02
4.471106838083600127e-02
4.768093903540630146e-02
4.749606167031353993e-02
4.717803592952883596e-02
3.992930304421476312e-02
4.460018349982487751e-02
3.810168936443056320e-02
4.193820525767832236e-02
4.674235492867587910e-02
5.283803581933690235e-02
4.257543905565715908e-02
4.613776101992649731e-02
4.221038659236184265e-02
3.767960747210465089e-02
3.662342310052124628e-02
3.480690893653733825e-02
4.018449456591068059e-02
4.512927933735325081e-02
6.050566759207109957e-02
4.662929727969098576e-02
4.912860806955823834e-02
4.414226614295733292e-02
4.326285933280269586e-02
5.074653134334132509e-02
5.728865915618908816e-02
4.088013169813628500e-02
4.729799031431671658e-02
4.632831301918718947e-02
4.389529584941372770e-02
3.732518061290025779e-02
3.606249063124344900e-02
3.841476864141789294e-02
4.440093113733602909e-02
3.685603688039853360e-02
4.577732042370086935e-02
3.538734556148399185e-02
3.861147255801726519e-02
4.043154867058022101e-02
4.923619859594523251e-02
4.146803518945740841e-02
3.967196635149433659e-02
4.018623795189925352e-02
4.209280067827899513e-02
5.194012737109898054e-02
5.315198335265961666e-02
3.253616301165131869e-02
4.150551005195037002e-02
3.385042365765254802e-02
4.120192110426337817e-02
4.489801134084035750e-02
3.696737310789335873e-02
3.704818073919845939e-02
4.300811898105074554e-02
3.252577604930224908e-02
4.482093164898704601e-02
3.557546116530807545e-02
5.125321744988908801e-02
3.043153398125997972e-02
5.603475358143241575e-02
4.438794453687985864e-02
3.648494352640747895e-02
4.443384418053821644e-02
4.582788928552592594e-02
4.364991532918768846e-02
3.956920954859875772e-02
2.983480899388024632e-02
3.376328431814495934e-02
5.759897304378531341e-02
5.169958466635653921e-02
4.448241093404218388e-02
4.580968298504647235e-02
4.829317670524421735e-02
4.162838075150068762e-02
3.937720412937296965e-02
3.897208133192478496e-02
4.507386886403622756e-02
3.894660545793023065e-02
2.708635477021756680e-02
4.546543867514063475e-02
4.216524599499480580e-02
3.403005652478737625e-02
3.310611949347724153e-02
3.719568400062355645e-02
3.091131669771509868e-02
4.335255403567884330e-02
2.945034324827774247e-02
4.723931265538804797e-02
3.498469040644631295e-02
3.053941518309531353e-02
3.852690950873063902e-02
3.369917205167791835e-02
3.152469276827784411e-02
3.105855017211900035e-02
3.678146014414031967e-02
4.687923950382860694e-02
