1.101940268749999952e+00
1.169856298303203479e+00
1.257065206015874015e+00
1.269759856053791269e+00
1.250736287552637993e+00
1.239570717998084604e+00
1.200315149035943163e+00
1.173691361787569498e+00
1.137150675235701236e+00
1.115426066471515876e+00
1.072783550392626184e+00
1.037077366660905664e+00
1.005062840667114266e+00
9.749788022960681477e-01
9.423185985191463443e-01
9.105255413487858274e-01
8.732993512086522081e-01
8.369817155566147138e-01
8.166922667382618961e-01
7.903678591269722720e-01
7.610924903322360269e-01
7.167782410353094047e-01
6.920899033697777147e-01
6.428491872250963191e-01
6.236133733378185218e-01
5.990460783536986078e-01
5.540732286146646812e-01
5.297614171846120046e-01
5.185205155645354891e-01
4.976386238045162336e-01
4.650390042481408748e-01
4.601112376057509001e-01
4.811484985293685290e-01
4.720205370366868380e-01
4.360651147918469528e-01
3.994345985507224417e-01
3.923592195964649698e-01
3.728609657756792872e-01
3.583305729892320435e-01
3.268498829409503537e-01
2.997568054123920800e-01
3.059355734262579340e-01
2.777271513074101583e-01
2.610670323641604562e-01
2.240913887940796378e-01
2.169004080665390688e-01
1.950060567382293775e-01
2.196612275592969288e-01
2.114039093997830132e-01
2.052125002592888603e-01
1.968100874097934716e-01
1.809363771221269290e-01
1.992786010658090523e-01
1.986647064802890272e-01
1.931506715033080579e-01
1.952630741448261875e-01
1.740605980236695771e-01
1.886676614524755435e-01
1.812908357246128810e-01
1.837863797911077068e-01
1.853529406698586623e-01
1.719753571162935257e-01
1.646604044889902196e-01
1.308042653034966474e-01
1.495759852444966398e-01
1.417601911913037860e-01
1.691374175839742422e-01
1.744879553930654137e-01
2.224710397946359497e-01
2.129608691770311368e-01
2.214483445850185805e-01
2.436437762467934531e-01
2.314793849353973532e-01
2.419811860626337463e-01
2.590243747870857871e-01
2.392899188105627184e-01
2.209202606346608311e-01
2.258125332863064327e-01
1.902521492049288887e-01
2.115554059387209640e-01
2.079115912959828560e-01
1.805254203504870203e-01
1.839786973726220964e-01
1.783581286220883300e-01
1.781387042923286146e-01
1.870706528851387163e-01
1.430638623952191213e-01
1.381267161256901632e-01
1.257980573808855640e-01
1.020170312926558659e-01
1.140605553516218090e-01
9.110106372222810667e-02
1.110755928459329078e-01
6.068744071545117275e-02
5.943985135002000791e-02
4.566439884304106939e-02
3.707707153761167357e-02
7.527308012233124151e-03
-6.439142877941965437e-02
-1.108372632201767710e-01
-1.041519055551117373e-01
-1.394935628474486267e-01
-1.463493517997553894e-01
-1.415769590837542002e-01
-1.475446686825487297e-01
-1.444887859543956821e-01
-1.516756828951902059e-01
-1.656246283948124287e-01
-1.978047872719677636e-01
-1.742243444761373550e-01
-1.387116019753784069e-01
-1.620171986612915505e-01
-1.848935786272251081e-01
-1.908658881433920318e-01
-1.645593267986001362e-01
-1.549007276605599281e-01
-1.741951858098643169e-01
-1.614923107689787973e-01
-1.306112485789396871e-01
-1.413868540671024132e-01
-1.349109247209041296e-01
-1.203861420777037894e-01
-1.180602596828964207e-01
-1.312683958988854205e-01
-1.115748212753149282e-01
-1.263814619069764666e-01
-1.241326126652604334e-01
-1.134323061681770939e-01
-8.985818024434671925e-02
-1.051404412106494018e-01
-8.658886606756345528e-02
-8.194177060323945549e-02
-8.024520543818586260e-02
-7.710887417552926559e-02
-7.088491675820078608e-02
-8.783912470549197493e-02
-6.126030126429650446e-02
-5.218406563394885345e-02
-6.418218941054371074e-02
-7.301279358694648391e-02
-8.127439501865589555e-02
-7.251748567660841471e-02
-4.895960241739226448e-02
-6.043748121838124487e-02
-5.196137696282383117e-02
-5.873946400986419791e-02
-6.562618752074018957e-02
-7.690337516944838192e-02
-7.313100657324976550e-02
-7.101206254821976205e-02
-5.042966842984288739e-02
-5.019318361247272070e-02
-7.073425060427522559e-02
-5.384491479476215259e-02
-4.652348500510510715e-02
-4.714717796394921751e-02
-5.024641330820932283e-02
-3.199369405170335995e-02
-5.066340674240395192e-02
-5.916181859784479941e-02
-6.040515020447941724e-02
-3.675298457102837979e-02
-3.858293262512125371e-02
-4.894674601429815919e-02
-5.312466486511834701e-02
-3.763210525266597745e-02
-4.118206454586794546e-02
-4.021336710330861847e-02
-3.920193015923063157e-02
-3.661094636199981739e-02
-3.609856894231956714e-02
-3.774768161132412841e-02
-4.977355545738781917e-02
-3.579278137202204085e-02
-1.551688992935381858e-02
-2.145792897464034524e-02
-1.988237427918182129e-02
-1.942481454412691572e-02
-1.782539683424590529e-02
-1.806588366920883898e-02
-1.738109580235327328e-02
-2.006853692565606709e-02
-1.737184660855508808e-02
-2.663910677129647034e-02
-2.804183716914182903e-02
-1.864411894308744960e-02
-2.229267822568641033e-02
-1.536511995754261464e-02
-5.868848155793778346e-03
-1.829046580914065606e-02
-2.024557690371046534e-02
-1.578251304567761248e-02
-1.295150065173246781e-02
-1.805679640948367956e-02
-6.537703740600152996e-03
-5.751783042272912497e-03
-8.250345319446031334e-03
-5.532677298888210790e-03
-3.712336093603502661e-03
-1.446841969895481562e-02
-6.719548378788353649e-03
-1.481514883553935666e-02
-1.634104628146305915e-02
-2.615193089801060022e-02
-2.299441652624252194e-02
-1.788105369749360199e-02
-2.203783478743299995e-02
-2.371672125884405694e-02
-1.957239102804693778e-02
-8.113102737396059652e-03
-1.769796466557902598e-02
-1.764471480476425061e-02
-7.512311748957547705e-03
-1.189322183304813464e-02
-3.035190660304931936e-03
-5.034899183199170042e-03
-5.710592122713117023e-03
-9.237369324477289270e-03
1.661788480820644565e-03
3.035037741522534759e-03
-9.771614024857261729e-03
-7.924080120462400484e-03
-1.087432936194474530e-02
-1.413535181353095353e-02
-1.556871550431304305e-02
-2.144940505664030481e-02
-1.421096993240894037e-02
-6.941810286214649718e-03
-7.281801257011282988e-03
-1.343922032674519165e-02
-9.290037232681878226e-03
4.783962872024344337e-04
-1.686944037408489444e-02
-1.188437477541489859e-02
2.070271465958807827e-03
7.011590535816908908e-03
2.034257042813191179e-03
-1.401300786045141071e-02
-1.392847936333851608e-02
-1.038554279106163394e-02
-9.247828430792533194e-03
-1.717936486321110581e-02
-1.291721014930807473e-02
-1.427852847877113703e-05
-5.759595826780874832e-03
1.571671229887008480e-03
4.685338751341936413e-03
1.029265348296251603e-02
8.347090173075726862e-04
-3.371387106515601455e-03
-1.589425505593361140e-02
7.254089349328544413e-03
-9.832765142272757199e-04
-1.298405946080466661e-03
5.285701144622016040e-03
-8.668926498925633856e-03
9.339659380146390216e-03
6.518997935702415189e-03
-9.264052530696711670e-04
-8.091289807036055595e-04
1.430853453508680768e-02
1.140651422536082329e-02
1.205519665496222054e-02
1.287855041472246546e-02
-2.766990824348655731e-03
5.482195240931338719e-03
7.102058671771137484e-03
3.952748898565978421e-03
1.142928840380364429e-02
-6.954693361553212355e-03
1.245606760456762115e-02
-1.126058976310168654e-03
-6.558719640711665327e-03
1.157294378534367381e-03
2.039111280852143326e-03
2.474015293927050649e-03
1.065031821946142016e-02
1.065554066064187781e-02
1.333478406683773557e-02
2.443032077680233269e-02
6.942601523363139786e-03
4.365193781166037956e-03
3.734272730758094296e-04
6.449882455727066859e-03
1.510273204156601344e-02
-6.758305522081055512e-03
6.194429141731225275e-03
5.024744290401565033e-03
1.383259968963524919e-02
1.473839609644230809e-02
3.579466601084138090e-03
1.668745778180923817e-02
4.959897857782977898e-03
7.664347340775774960e-03
9.902387272757261563e-03
-1.294019449213017680e-03
9.802653557637531351e-03
2.080400995475878423e-03
1.330916221274659923e-02
-2.724924641364950828e-03
-7.257508475589119924e-04
-6.189427646072424676e-03
4.030429616435523589e-03
-7.440338208239517977e-03
5.846178121985358064e-03
2.641210856650405732e-03
-1.026615523230168647e-03
-3.099659452490200959e-03
-3.231740078134760774e-02
4.499730937722726037e-04
-8.229769449942636594e-03
2.868261600078912330e-03
4.504871220364515400e-03
9.213864568177204282e-04
1.434967459880471391e-02
1.230763168855990471e-02
3.672693989446968680e-03
-4.105718064276049281e-03
1.010056715010095724e-02
-2.748406888934429217e-03
1.921051175275315798e-02
1.998139935968183678e-02
1.391762396728117405e-02
7.032454292812407616e-03
8.063159118861450494e-03
5.552606129883605468e-03
-9.816608926252797657e-04
7.841906704624949584e-03
-1.064551358188015658e-03
3.466370904827128564e-04
9.488167509312129405e-03
4.507528551464610317e-03
1.529456676963479068e-02
6.866666591182673564e-03
1.236284021548034011e-02
-2.096681595670743178e-03
7.917980389484590223e-03
8.038813111216834909e-03
5.584138045143642939e-03
1.463563252704740657e-02
4.974516685591651166e-03
4.127048925193472530e-03
7.530223255612852884e-03
-4.427828669916119837e-04
-1.303914093519852871e-03
4.297812912675288456e-03
5.505868616820547463e-03
5.681511499755566991e-03
5.080695712056093431e-03
4.071970446465478580e-03
-2.092869512134449671e-03
6.576484878945307658e-03
3.370968486169006757e-03
1.912062740375405218e-02
-1.184259265812517186e-03
5.806864566574159239e-03
-9.011451133492930652e-04
-8.789713263774640364e-03
3.594250170916856845e-03
-5.367543751641038618e-06
1.611447356681392981e-02
1.024386755866408226e-02
7.885352771041962902e-03
5.957463237054079139e-03
-3.004600261045130890e-03
4.293644990491197848e-03
2.763515348378353317e-03
1.402690034085880225e-03
4.169420155562828857e-04
4.018875979451723597e-03
1.429842418301477056e-02
1.159168546584361630e-02
1.755955800101158520e-03
8.000358244164179275e-03
1.393460099397602356e-03
1.302444396000011252e-02
-7.126580071524859367e-03
2.855218614341185901e-02
7.445356200914586380e-03
-5.339804911181091594e-03
6.192098909784849066e-03
1.077845315145926734e-02
6.623523321202818767e-03
1.812853289008267352e-02
1.752236512317651568e-02
1.062001541794649340e-02
8.072485641484517319e-03
6.320887964234555775e-03
2.387638412910018763e-03
1.831013762603407547e-03
1.435192655192842580e-02
1.426641926828099488e-03
9.301890412120593019e-03
1.554551418252305773e-03
8.348302565934098349e-03
4.461307909240382931e-03
-4.271814815570245533e-03
9.872497523442562775e-03
9.489574908361945310e-03
1.938942485351918127e-02
