4.501929648644180104e-01
3.884660434287631747e-02
3.582929536583086966e-02
3.466535364644226375e-02
3.576111792511906667e-02
3.460892379390869550e-02
2.854605250209109671e-02
3.563837717992436593e-02
3.688703355283710211e-02
3.954634375070065211e-02
3.773061538067844917e-02
3.645730779392362952e-02
3.907140972309055410e-02
3.505404271029406021e-02
3.407393508653119157e-02
3.849774746500943257e-02
3.052575053519567330e-02
3.732069567937867233e-02
4.191560063743510894e-02
3.652435173435199939e-02
4.205223208542822888e-02
3.568071765205618057e-02
3.614776076644776043e-02
4.798780089683761518e-02
4.084841291660072649e-02
4.307141739919495560e-02
4.060723057258064372e-02
3.371167675424067978e-02
4.641581265722916766e-02
3.871739475862638613e-02
4.223219514074610242e-02
3.677104231696783770e-02
4.441528449134901635e-02
3.639948362532609977e-02
3.910817777339201107e-02
4.048729772501116764e-02
3.989533022020835817e-02
3.468636428070131367e-02
3.444551525501809291e-02
3.605462743958624816e-02
3.310848709702622628e-02
3.795443209715032573e-02
3.635669222629816372e-02
3.032870008239407431e-02
4.366852741268297672e-02
4.104299341347086155e-02
4.742196066781769609e-02
3.406068758897710935e-02
3.850301780995081524e-02
4.474550117997424387e-02
3.682958029784930143e-02
4.307613259670566713e-02
3.981168767492219984e-02
4.164884905840525453e-02
3.295049916343381624e-02
4.387967860903167761e-02
3.223006637158960797e-02
4.149965474613419997e-02
3.952745802253127688e-02
3.322284520827711862e-02
3.939143314317208183e-02
3.501070919850673285e-02
2.749794060568636067e-02
3.748976879245543431e-02
4.163282823941591437e-02
3.667902640262552666e-02
3.531085070548928978e-02
2.989751268456090558e-02
3.844677576780228950e-02
4.053885438768192739e-02
3.306989930826934043e-02
3.676112591031531485e-02
3.998957941731947491e-02
3.023468005728423627e-02
3.547447585008962900e-02
3.806077870835048588e-02
3.760879246627406997e-02
3.679364825839828712e-02
3.336485891856060676e-02
3.175137271020141844e-02
4.316460040845447599e-02
3.432686081667347955e-02
3.509326134090408333e-02
3.767381526212047749e-02
3.647089501811686535e-02
4.564523073953897364e-02
4.203128939110230278e-02
3.805677783036855860e-02
3.590631615797946347e-02
4.633470687082864164e-02
4.906215639781800336e-02
3.814830831023315050e-02
4.389410324540465869e-02
5.474066988609552903e-02
5.141604805519166266e-02
4.506722929892597457e-02
5.541449970900153010e-02
5.168153887135083779e-02
7.035247808831199268e-02
7.555355600684766915e-02
6.808081624783372809e-02
8.603755262731459241e-02
7.873859233159209714e-02
8.583015785757064364e-02
7.878058448704423899e-02
8.592997361545598456e-02
6.782744806221385758e-02
8.401462374826892954e-02
8.886563588307438977e-02
9.023812842865587547e-02
9.591312232943421945e-02
7.906357239152664307e-02
9.192724036238338059e-02
8.554255696909705831e-02
1.040884811601045373e-01
1.089381446142882598e-01
9.914024499840758120e-02
1.054233699366045329e-01
9.498735958693427239e-02
1.045445773663197103e-01
1.063480270720216503e-01
9.224853393749238295e-02
1.051864221278763917e-01
1.011419860456793246e-01
8.513785130371651078e-02
8.557626142739424568e-02
1.136005675422600419e-01
9.729642637850161035e-02
1.167988062166183116e-01
1.216404886620730263e-01
1.013049207461043794e-01
1.249182378239114682e-01
1.085129127989952758e-01
1.323439846038690637e-01
1.139932606776653257e-01
1.092342353091041579e-01
1.137560831211312934e-01
1.252283713301929058e-01
1.006319801947534315e-01
1.323982971191470515e-01
9.588597414806619701e-02
1.074098312740829758e-01
1.006879239213442773e-01
1.022315767790670238e-01
1.049703536848113766e-01
9.359432510046568343e-02
1.067057336965395314e-01
9.348509621561684746e-02
9.685575113966711502e-02
1.041647575270958637e-01
1.309848095877563234e-01
1.139662613200567581e-01
8.991051164815119789e-02
1.144896409464795234e-01
9.317739962761531491e-02
9.507414485585491404e-02
9.413716672680749742e-02
8.058678962133830614e-02
1.077022543630385409e-01
1.068439754008352754e-01
1.050920269184399819e-01
1.218485299697458640e-01
1.311767958491915631e-01
1.038592046444738043e-01
9.874051700420341526e-02
9.883596324606561123e-02
8.235836267291499202e-02
6.671589375074690742e-02
7.642957114513629358e-02
8.299424450123646380e-02
8.871204773634557006e-02
8.222694299968416609e-02
1.002045409850619018e-01
9.258670095488603924e-02
8.762959218300270248e-02
9.401442766620871083e-02
7.700721993857011227e-02
8.457623892022497758e-02
7.996723199029120988e-02
8.045792280950933573e-02
6.376405606654539371e-02
8.488091249145890416e-02
9.293293461674026479e-02
7.216370837126355464e-02
6.710410292287495582e-02
5.648944921336133962e-02
6.815976692586737939e-02
7.286983529972704265e-02
6.841046689694030292e-02
7.855047581790428057e-02
8.206189594818608102e-02
8.642850105545199502e-02
9.262734487390543447e-02
7.800982824110837266e-02
7.772101048992482997e-02
6.480283744829622161e-02
7.699534281443909389e-02
7.471065017109082551e-02
8.098868019394996065e-02
7.513884015034820452e-02
5.720682386753120352e-02
8.889729754145297980e-02
4.648613018724023771e-02
5.433544614762365887e-02
8.695494599695062499e-02
5.100964087218515935e-02
6.312558515466723530e-02
4.537668199757682874e-02
6.886680019020013921e-02
8.403551085020652400e-02
9.459502334852941396e-02
8.410183728498787925e-02
6.702878165479699002e-02
8.997237565351100252e-02
8.709399841608650439e-02
5.421109196189074358e-02
5.218393375297234599e-02
4.619718075589272083e-02
7.197206754045394617e-02
6.979124859245190715e-02
6.552096013401732810e-02
5.595562835887298025e-02
5.253945178846668868e-02
6.822279984256769680e-02
4.456747503637144281e-02
8.289378581497548748e-02
6.063110869104656325e-02
6.094855182554501094e-02
6.963501698568250187e-02
6.570489409511262591e-02
5.216431593919576559e-02
5.460927070361427244e-02
6.413357297628149989e-02
5.628057030374572500e-02
6.352323134958906548e-02
6.226268938659421798e-02
7.714522743538443361e-02
6.823410114259001458e-02
8.397775856138617323e-02
7.152937603056443161e-02
6.965080974377654832e-02
6.649222277825454774e-02
7.470920489006704912e-02
5.186748381531353091e-02
6.537673463050848455e-02
5.497477828952706397e-02
5.696155613733392548e-02
5.511419576171404378e-02
6.047932395987428572e-02
8.468730526562889827e-02
7.538989785591310167e-02
7.058584098185403943e-02
7.384132886095653991e-02
6.460661423753399912e-02
4.981637479298388349e-02
7.309863333177066269e-02
7.340056382616994002e-02
8.613345035279716677e-02
7.867692309698622044e-02
6.077706370418733961e-02
7.393330808810938404e-02
8.481250638597052915e-02
7.733769117956801331e-02
6.981955501146644427e-02
8.138433344285711524e-02
8.468003148203931407e-02
7.550501040505247508e-02
5.546752035068979597e-02
6.664769542727047580e-02
5.191739019174263642e-02
8.166922094988583736e-02
9.218143729216532467e-02
7.699142682510164148e-02
6.836258251271185027e-02
8.752869991837032571e-02
7.886508389104100736e-02
5.117873098048376923e-02
7.343288738485212463e-02
9.142075180666028866e-02
1.040682881683345357e-01
9.285107576165137211e-02
6.893550372044540686e-02
5.317772183284899534e-02
7.007460934244931494e-02
5.109162224964412802e-02
6.863160017602812357e-02
5.920441766954959162e-02
5.945151169896614740e-02
6.836588229111348336e-02
4.688764062029947277e-02
6.652527048395844023e-02
6.620164758074544020e-02
5.660559957800295749e-02
8.952776141104638874e-02
6.370100830516695067e-02
5.396353741091024919e-02
5.993222507488944750e-02
6.587912372000306882e-02
5.925955682322715107e-02
7.107357725295714024e-02
6.415172258900532498e-02
7.559184240000767219e-02
7.002657089805330859e-02
7.652397179936902549e-02
7.152151951404782382e-02
6.677509490689573224e-02
6.362531900009214814e-02
8.083126092347299452e-02
8.945384112355529715e-02
8.045731921484554350e-02
8.367455156159581131e-02
7.157732537426744757e-02
5.301913038869873057e-02
7.040260441221306287e-02
7.290691394642802303e-02
1.021918348491215323e-01
5.852703760086982315e-02
6.046527548242684735e-02
7.872951699828976968e-02
7.371778603668420471e-02
5.630556718263553945e-02
7.254039661241866443e-02
8.349659281187955806e-02
9.058950774285975949e-02
7.173198374597793137e-02
8.086256278149810128e-02
8.474440650980769041e-02
8.229729428273543923e-02
9.111021631370647134e-02
7.092562684708828002e-02
7.202467101513050640e-02
8.389563764832880244e-02
9.908921424730264549e-02
7.445310058268721221e-02
6.350168507647194205e-02
5.636583558196733845e-02
4.612119470246712344e-02
5.485203165446739942e-02
6.730783034577791923e-02
6.154550857869664493e-02
7.240996598247424754e-02
7.562203946514273190e-02
5.030767678626101025e-02
6.237619353328980459e-02
6.722088576996280984e-02
5.698552577650366213e-02
6.115813999234068904e-02
7.314224315480145899e-02
6.544123906570221971e-02
6.025707549337538244e-02
6.286751660595756019e-02
6.121629557272759842e-02
6.766396415393619024e-02
6.455877481260985373e-02
5.492807484180992766e-02
4.749277873154721802e-02
6.257647946501236624e-02
6.732602952481196723e-02
7.876581519475021886e-02
7.068750092918241190e-02
8.527708468935514541e-02
7.003669172984064439e-02
6.886792131961590180e-02
6.809712885845164987e-02
4.271098548884226520e-02
5.476538823690366847e-02
6.395065294605276063e-02
6.088162780208296321e-02
6.333930833574155650e-02
6.292835995612140743e-02
6.084410451117649998e-02
7.893748039056457111e-02
6.632926201484311279e-02
7.250694346347137664e-02
8.323131052838557420e-02
7.829161632930425885e-02
7.473362819647662303e-02
8.108990986125813594e-02
5.822853495008218500e-02
6.505985146634069016e-02
6.100498181126142588e-02
6.634370965664673769e-02
4.409333215489086299e-02
6.679017006880594298e-02
6.268152453573327954e-02
5.406608216644959164e-02
6.331572374460753272e-02
5.863683353847319590e-02
5.832475468791156054e-02
6.167584027636664051e-02
5.534091693628125086e-02
6.152600479898045344e-02
5.374916912906058802e-02
7.007210904227485770e-02
5.924240580961875891e-02
5.514013977927442745e-02
6.620882131480655686e-02
6.330269093327091368e-02
6.805871308842166567e-02
5.633171406050486996e-02
