4.496014846492702999e-01
3.833792935962519466e-01
3.788966309497668883e-01
3.805248597172037339e-01
3.798764811026084653e-01
3.887899012825773992e-01
3.728534236881983488e-01
3.700761958349303993e-01
3.801337843299325003e-01
3.887474740459384015e-01
3.727782337892726616e-01
3.841037105165391874e-01
3.696087371844050673e-01
3.812702252621526511e-01
3.841921633310779738e-01
3.814727129782922721e-01
3.789070064729072040e-01
3.659663111966907634e-01
3.789040719011293468e-01
3.938046222602344382e-01
3.857292166128333810e-01
3.750702673520465713e-01
3.828769631396828355e-01
3.743351496883300933e-01
3.817981817731590510e-01
3.789932537276312075e-01
3.747908089457310798e-01
3.677620160552192985e-01
3.845058946390392252e-01
3.821525153984404732e-01
3.798385155227955168e-01
3.748718427871395309e-01
3.857655399803989749e-01
3.865153940729161297e-01
3.819727779712762672e-01
3.784597009375205712e-01
3.703816795187761524e-01
3.845176460385603678e-01
3.785935172863326703e-01
3.843259284645378360e-01
3.708696234368467626e-01
3.897075505181647470e-01
3.820003052190311110e-01
3.793961945152473647e-01
3.744580537896637362e-01
3.832736304700212759e-01
3.832503533508583304e-01
3.803984286447434915e-01
3.827902326519752596e-01
3.932088818466334956e-01
3.822725341484101702e-01
3.772016447034793329e-01
3.953958995286204203e-01
3.855663764811563810e-01
3.797977961360407551e-01
3.937992990325435150e-01
3.978916769229956518e-01
3.954278018575528297e-01
4.070556690707315406e-01
4.144283419099650811e-01
4.869553331249304451e-01
4.777422224449124344e-01
4.863090401654440176e-01
4.653788588363989565e-01
4.811438977634550085e-01
4.835652689896522416e-01
4.851147378795331866e-01
4.822765776087031830e-01
5.033908669316851103e-01
4.795452545996086724e-01
4.748024810239802052e-01
4.825141188508700330e-01
4.801728185148335104e-01
4.711188258080850066e-01
4.857002629506683156e-01
4.863705343880458942e-01
4.940086190175401737e-01
4.891610861643970742e-01
4.825096598621197441e-01
4.817563156822086134e-01
4.935989097838600070e-01
4.853451493475294254e-01
4.863999490243647861e-01
4.903023166986740233e-01
4.950287832627446871e-01
4.951932677279665129e-01
4.886818253099690090e-01
4.858288523615135746e-01
4.983577404156500079e-01
4.992703495997029561e-01
4.965268921508408373e-01
4.911381927952656046e-01
5.083859525905352061e-01
5.049617227427040111e-01
5.041804401233179744e-01
5.072975466123610389e-01
5.219607363040328352e-01
5.256158923824230111e-01
5.495774683493357404e-01
5.330276799368034446e-01
5.591932224560245412e-01
5.764318670137037470e-01
5.755432289816233560e-01
5.901924074940477771e-01
5.929672071797412736e-01
6.071430327871608634e-01
6.204248295717985640e-01
6.318803531746479685e-01
6.421235152485141873e-01
6.278479142576235406e-01
6.256212113457928492e-01
6.166861471984963483e-01
6.058502391443975066e-01
6.101413623441118705e-01
6.425709103372881925e-01
6.255378854934396937e-01
6.212193635216144427e-01
6.310117094707093921e-01
6.208030174861082218e-01
6.172772469849149291e-01
6.507710938441444437e-01
6.428881914385817797e-01
6.612604575871228185e-01
6.218918985653755227e-01
6.562711067654056762e-01
6.521313612391345105e-01
6.805236079264525006e-01
6.641167833508647700e-01
6.766887105402500380e-01
6.697340140298965183e-01
6.912642389633738560e-01
6.818190507483089524e-01
6.601404712675325026e-01
6.575582122843172117e-01
6.814257101279400652e-01
6.439982316334782464e-01
6.411298865734874619e-01
6.674300764326938085e-01
6.535858762275361666e-01
6.832484402513347987e-01
6.760355419269411525e-01
6.880962865630493308e-01
7.131988358005113549e-01
7.015427239431555329e-01
7.332861666779497689e-01
7.405309704126559200e-01
7.354379898389090675e-01
7.341419297051673398e-01
7.369013789365511657e-01
7.486974424125519834e-01
7.268144265080817013e-01
7.414945083602835219e-01
7.424628207067749397e-01
7.406007329707119391e-01
7.234226875472364870e-01
7.329339376544853346e-01
7.134021928041606175e-01
7.677836292035500332e-01
7.451774319002768543e-01
7.573338685508647083e-01
7.674799293346978857e-01
7.431224399895021149e-01
7.272323414675606612e-01
7.396723291179079229e-01
7.552165364535435854e-01
7.609208787588972456e-01
7.792492305249875129e-01
7.820483064508464421e-01
7.828343152879850830e-01
7.771229102731659344e-01
7.915005784891409046e-01
7.922011812785183515e-01
7.756537749564249573e-01
7.712838990087982349e-01
7.919851549401412116e-01
7.832543602604037369e-01
7.799901060237264261e-01
7.710023474075700101e-01
7.853902140722414105e-01
7.965888844935160584e-01
8.016592388214329734e-01
7.944923833804844460e-01
7.953043389747572744e-01
7.978575268473685478e-01
8.155484261200361962e-01
8.086070911185566645e-01
7.886183081516262572e-01
7.920485451150572898e-01
8.007310936803865298e-01
7.905958872001209725e-01
7.871958727624837060e-01
7.894460412349039169e-01
8.171081639693206222e-01
8.110290959767320063e-01
7.948649761395581992e-01
7.881236542533127665e-01
7.858506838486994939e-01
7.997454604800698919e-01
8.083518400573290741e-01
8.163719072247057618e-01
8.257308129443754474e-01
8.093479740360546293e-01
8.241712467704344069e-01
8.139529348596243885e-01
8.266986909461284672e-01
8.223584311778115996e-01
8.189386348606538801e-01
8.253201964925505063e-01
8.253190569969269808e-01
8.168629403711431536e-01
8.025586932291807196e-01
8.040379954271376084e-01
8.130769881836852342e-01
8.087883303215331887e-01
8.102550251334008635e-01
8.327054095458673588e-01
8.482748677932281378e-01
8.441722975685135300e-01
8.271108967861018346e-01
8.108468165073785539e-01
8.191065257383370879e-01
8.292399993035511896e-01
8.310195690480796094e-01
8.242765065065769114e-01
8.185029602564666273e-01
8.113276494406863604e-01
8.294496877080335118e-01
8.204878466721926555e-01
8.076660047623548389e-01
8.192653400471182623e-01
8.177288903788847430e-01
8.356020231785830088e-01
8.367112463625991925e-01
8.268788323995426293e-01
8.268976787628926628e-01
8.342183306596253622e-01
8.257592450285321517e-01
8.320372704115835960e-01
8.148230376561879096e-01
8.104492289599635191e-01
8.286145490306261463e-01
8.175871622326795762e-01
8.138683850347302462e-01
8.379013084334937522e-01
8.232227321303667855e-01
8.392663282552340620e-01
8.437038112733747930e-01
8.568500648967234401e-01
8.389501473415865718e-01
8.327028039808329618e-01
8.268033585127990692e-01
8.162432765423996983e-01
8.293670317910402101e-01
8.344394979048080918e-01
8.418082589365259993e-01
8.155371360202653408e-01
8.111288255986627282e-01
8.024401954992504971e-01
8.115821218161213269e-01
8.366862174999385449e-01
8.237564971507407297e-01
8.103141906601993849e-01
8.179580373574666385e-01
8.454792590725904722e-01
8.315477127012891323e-01
8.165629298348062726e-01
8.162171929305561680e-01
8.393002391799631035e-01
8.451297828619368513e-01
8.270649591296018732e-01
8.263784483527220059e-01
8.160707707687019363e-01
8.032419835829406329e-01
8.155544764024538207e-01
8.218053708396817481e-01
8.266739787559640451e-01
8.293175615457395455e-01
8.031406663471967189e-01
7.934525986548736087e-01
8.064341194401377644e-01
8.102230896757627310e-01
8.161059756642555785e-01
8.205924471034482526e-01
8.168552950525095335e-01
8.378245104597935589e-01
8.309253635351140366e-01
8.428108012540133087e-01
8.386378106870916449e-01
8.461061688202781150e-01
8.640688215793020932e-01
8.263282668168689948e-01
8.401871048119262664e-01
8.142815348387776320e-01
7.978012122238847814e-01
8.363336388609891037e-01
8.413238476331418303e-01
8.398572123248623233e-01
8.194766246126554687e-01
8.273278507859345154e-01
8.235358522479191423e-01
8.371847427101151151e-01
8.202874661402539402e-01
8.379609067415777490e-01
8.090535966387999434e-01
8.143855369040464698e-01
8.210220378724006896e-01
8.258835543421129133e-01
8.166436482318258916e-01
7.934235320236315836e-01
8.251290150672957457e-01
8.018153796495984809e-01
8.189267806783285808e-01
8.282169923135430656e-01
8.222477483222153660e-01
8.396509179348565777e-01
8.103917955999920819e-01
8.467623862339132002e-01
8.507253799060503496e-01
8.414143131964545441e-01
8.352166663958029424e-01
8.529155055445196698e-01
8.377529361505058336e-01
8.114957229392127935e-01
8.148876679468539663e-01
8.255088474777341201e-01
8.265785813555457384e-01
7.965815003836244079e-01
8.041831074521748057e-01
8.064437066155620837e-01
8.219522717742564488e-01
8.204677348351430144e-01
8.158484959470019282e-01
8.340602423773531005e-01
8.259055331558075030e-01
8.415055619807032539e-01
8.241079838241556210e-01
8.426966315764140569e-01
8.572772695550264777e-01
8.324149929050640440e-01
8.320702481166499798e-01
8.152560584787535980e-01
8.268988183662405733e-01
8.576521082754807734e-01
8.345778530199438050e-01
8.309935769452347909e-01
8.479479843515185244e-01
8.402397523206412977e-01
8.337254678729258961e-01
8.335685274458750627e-01
8.517356188608807832e-01
8.361290725037346938e-01
8.427453317192107329e-01
8.304198815338735828e-01
8.394924862520187769e-01
8.321891532090467392e-01
8.518307045394742927e-01
8.387482258763490073e-01
8.185375695166271504e-01
8.201465754634239547e-01
8.370000712861275227e-01
8.483179009714656438e-01
8.349343636417725367e-01
8.430202629873544407e-01
8.437309003919574169e-01
8.508820854567660241e-01
8.371229965205777557e-01
8.470398972396531168e-01
8.253702564840638134e-01
8.305331193477528684e-01
8.301249352119610680e-01
8.353104177812384901e-01
8.302560003976329206e-01
8.171890236398657859e-01
8.344913614113980138e-01
8.203677206902443286e-01
8.374577550693333983e-01
8.204326412318605488e-01
8.300086924506820951e-01
8.328750722470339429e-01
8.382344265558555607e-01
8.313943249041180206e-01
8.307598859536237113e-01
8.429034490511804201e-01
8.426559790389335225e-01
8.378770931892624008e-01
8.522434690389998346e-01
8.521676400401745344e-01
8.583797490915133777e-01
8.477836273041806647e-01
8.413874919359780602e-01
8.471004734076043041e-01
8.491249350705379895e-01
8.574071918714805118e-01
8.369182993362017653e-01
8.497200578532361215e-01
8.460821964115544658e-01
8.354991259708388629e-01
8.388382214483059984e-01
8.470135303778046909e-01
8.570226767037272264e-01
