9.202862386389453420e+00
8.701286992602883075e+00
8.716017509223226156e+00
8.699620578588438846e+00
8.671475534938405616e+00
8.750015731005685637e+00
8.652615308613258449e+00
8.632545083720900791e+00
8.725891812995179464e+00
8.764936368728474037e+00
8.651109500577266687e+00
8.693945377243903039e+00
8.671337938019384239e+00
8.687018952688417173e+00
8.741986546939273239e+00
8.703922777155645107e+00
8.695246667879361624e+00
8.600905773325481007e+00
8.648242811818800391e+00
8.771824150723555036e+00
8.736549263455763992e+00
8.622252593190740555e+00
8.743689288483011524e+00
8.646975353074619619e+00
8.716956907756184592e+00
8.777260037617763189e+00
8.660959890076904699e+00
8.569890932051718480e+00
8.712582893367187609e+00
8.784547669297561256e+00
8.699147001379339272e+00
8.660089737486030614e+00
8.746203857651520863e+00
8.742673346104234966e+00
8.695278076810454948e+00
8.662801522370322971e+00
8.639674436849247741e+00
8.725978160055463562e+00
8.697408885062705153e+00
8.718491605738227790e+00
8.558794617983258135e+00
8.846637532732518849e+00
8.689444950931150657e+00
8.744681802337614940e+00
8.688724940260748042e+00
8.725310530298738598e+00
8.720504159223965601e+00
8.766578387457940380e+00
8.704429098302739476e+00
8.818237411019911320e+00
8.681589678137914490e+00
8.645409194082105842e+00
8.885529907936311034e+00
8.779589374616392661e+00
8.692038238196889921e+00
8.852213420488764584e+00
8.846757302578817317e+00
8.795504766210500591e+00
8.973386962966250380e+00
9.024705102881576124e+00
1.005946921896449275e+01
9.973809568021147598e+00
1.010712222389735793e+01
9.936979354246878060e+00
1.006134212722221832e+01
1.003869498776418467e+01
1.011357567116999512e+01
1.009934525402354133e+01
1.029878448169103677e+01
1.015259528481968410e+01
1.008957220964342660e+01
1.012341344411058763e+01
1.009100163546744255e+01
1.005846182039521075e+01
1.020193172188293396e+01
1.020327164919857843e+01
1.028100713592029791e+01
1.018384405815847948e+01
1.003477242185430995e+01
1.012065407143031237e+01
1.023971099359457959e+01
1.018816809996716444e+01
1.013732420946415758e+01
1.020504711373075324e+01
1.029421285869105418e+01
1.028759257071030042e+01
1.026003895740057281e+01
1.020511084729620066e+01
1.033370919534953458e+01
1.038696479895653901e+01
1.030675318948462227e+01
1.022399910366888243e+01
1.048389955650382177e+01
1.047592463061551804e+01
1.046217266623324704e+01
1.047558431049295002e+01
1.065554801460155687e+01
1.060947173503560137e+01
1.098006034814591914e+01
1.088024626915499837e+01
1.116059508982001525e+01
1.131265284159903928e+01
1.134962297959905086e+01
1.151875152130950042e+01
1.152973276986329232e+01
1.166904313201275123e+01
1.181281330440262423e+01
1.193349362441634653e+01
1.207218647753171581e+01
1.193835104481916076e+01
1.194541450289106521e+01
1.172944491200670925e+01
1.168744722142806225e+01
1.181602708507099742e+01
1.211360683617015077e+01
1.200148456942224051e+01
1.190872857338089474e+01
1.198448023952389896e+01
1.186785638264069398e+01
1.184333243161924898e+01
1.224599099854827422e+01
1.216807330465860915e+01
1.226628845670310675e+01
1.192323209142545437e+01
1.216064556667811658e+01
1.215902180742310357e+01
1.243731843891896283e+01
1.237440230180625100e+01
1.254216675757125543e+01
1.246644264595291318e+01
1.256928366444134504e+01
1.252733074742164732e+01
1.229902806629730705e+01
1.231353102261481780e+01
1.249893756851372295e+01
1.218370615916269450e+01
1.219914609128562333e+01
1.251372930818970985e+01
1.239599609642309197e+01
1.266566931627698978e+01
1.255641903059726339e+01
1.264194835356468616e+01
1.287941726977663848e+01
1.280278645056391795e+01
1.316176974665131638e+01
1.327947634644727160e+01
1.313766194754921379e+01
1.307959383696400124e+01
1.316245093978516500e+01
1.329267991665234305e+01
1.316549448617663387e+01
1.328544499359276543e+01
1.320697333051059630e+01
1.320059102613984336e+01
1.301034466143899593e+01
1.311024310794829795e+01
1.298441263984755345e+01
1.349040940738917094e+01
1.335363576929833584e+01
1.344296571128396778e+01
1.352431342060338082e+01
1.332976434908369789e+01
1.319704633910232516e+01
1.324066362319981671e+01
1.336230205866397824e+01
1.345134802720550837e+01
1.367330789612706177e+01
1.365173780703104356e+01
1.365820762702471569e+01
1.364707310806709195e+01
1.381000897447605524e+01
1.376327801645306259e+01
1.365232445847528453e+01
1.355168634926370785e+01
1.375145103536463154e+01
1.368510819588968275e+01
1.360006378770590274e+01
1.350379531454958126e+01
1.367850811161710034e+01
1.377717686025885335e+01
1.381821723120439671e+01
1.374865022490405408e+01
1.377610237835572171e+01
1.386081269246598779e+01
1.388917857534416633e+01
1.386147421174551297e+01
1.374344547682779094e+01
1.368707786727828335e+01
1.381646368502569011e+01
1.372960031390559799e+01
1.373621923685236546e+01
1.382122661744655190e+01
1.405821810963821150e+01
1.392691496238748172e+01
1.377498952428023316e+01
1.364300972805160761e+01
1.369612294423630949e+01
1.378225168445950644e+01
1.388906015565481589e+01
1.399591437268904670e+01
1.418132657907545457e+01
1.401125124154592605e+01
1.419673799138226933e+01
1.413737761847657914e+01
1.422986703843517375e+01
1.410940642885003626e+01
1.409464405121470243e+01
1.419100497021879015e+01
1.422363372736291076e+01
1.412396163280471484e+01
1.396761563188350230e+01
1.393579133255643221e+01
1.398201919730194298e+01
1.400444036379410129e+01
1.403335561113112107e+01
1.422183588003678345e+01
1.438542197435815595e+01
1.436714798431779805e+01
1.414426124526899997e+01
1.402796761683012150e+01
1.407816796028962791e+01
1.415947678745061822e+01
1.421403285796012028e+01
1.419321457347413507e+01
1.413285227632998087e+01
1.408572576335214954e+01
1.419128256661827336e+01
1.414816291471982801e+01
1.400743308971172496e+01
1.406964804866016117e+01
1.405278369335675492e+01
1.419770463739955701e+01
1.431336647465200684e+01
1.418230601184737871e+01
1.412875636443694738e+01
1.421492715380555083e+01
1.413311375656519964e+01
1.420584997697854845e+01
1.408603569999746163e+01
1.401171193875193666e+01
1.418617412270051226e+01
1.408290238814121764e+01
1.399231326751664817e+01
1.427921867529115829e+01
1.411709823977261280e+01
1.429150630451701609e+01
1.428948928817180786e+01
1.449515210177218627e+01
1.430170191171513672e+01
1.420651855852008438e+01
1.406335900975803810e+01
1.404597410041016126e+01
1.416404107665554157e+01
1.420420011324033460e+01
1.422544238412782924e+01
1.398125194445970365e+01
1.387976967614443424e+01
1.384982558149565968e+01
1.400751221795656498e+01
1.427149387691658511e+01
1.410830497686197127e+01
1.403507275633023532e+01
1.409195068253091598e+01
1.435497950213241580e+01
1.422402042416782209e+01
1.409612553177422178e+01
1.412450818461407742e+01
1.433496298688897674e+01
1.435521971021186793e+01
1.417016054842659578e+01
1.420794523452139302e+01
1.408521966129528025e+01
1.391851489447840073e+01
1.401986510480764103e+01
1.414126639688414677e+01
1.419038137820008849e+01
1.422770346195247448e+01
1.395549537626281378e+01
1.387858166960199746e+01
1.405575286988189099e+01
1.404673902414135611e+01
1.415866303874711996e+01
1.413437988815625168e+01
1.404475253612087826e+01
1.426354033401202415e+01
1.423258963057521420e+01
1.430056951836810342e+01
1.428767001164640504e+01
1.431268019481782616e+01
1.447704144359266998e+01
1.409324806224353921e+01
1.428650164564790614e+01
1.402741332936871999e+01
1.388636757397450161e+01
1.423544549228063083e+01
1.424838037414639302e+01
1.425443810681142587e+01
1.400451218682451149e+01
1.414408146423432555e+01
1.413824114682557287e+01
1.422930437036548490e+01
1.409228081415779954e+01
1.427612775129241207e+01
1.396646829757068353e+01
1.405411205748699111e+01
1.406723949620394976e+01
1.413920867185441566e+01
1.409342038738060765e+01
1.386664062612635107e+01
1.416583270557934249e+01
1.389917590514627221e+01
1.402387385084963078e+01
1.411640424785616865e+01
1.416304122729509274e+01
1.432868186864644500e+01
1.408263696545851573e+01
1.437279206920594632e+01
1.436686440936504461e+01
1.429152328985210119e+01
1.412380118429025622e+01
1.435913073444831767e+01
1.424402621906976485e+01
1.400537276253547958e+01
1.403894369758108063e+01
1.414279359995852481e+01
1.409836644269392636e+01
1.376522611784358929e+01
1.388149052307202780e+01
1.386284883030223725e+01
1.400505204945519822e+01
1.403483717503783268e+01
1.400052363986905490e+01
1.421997725265402224e+01
1.412924575862332510e+01
1.424591696767159732e+01
1.408907041925451153e+01
1.431319765820011725e+01
1.444887641030569903e+01
1.421331630705314453e+01
1.422125182595275206e+01
1.403493394424186747e+01
1.415331109742397331e+01
1.447765431434470251e+01
1.424853345744559086e+01
1.420010427843239498e+01
1.434714369517972621e+01
1.426396580162371563e+01
1.417691364243204788e+01
1.421836053337291439e+01
1.436680931566708708e+01
1.425782322921783773e+01
1.427911657613913654e+01
1.411911405259599306e+01
1.420300285688520425e+01
1.414964049153926595e+01
1.441865139155297193e+01
1.423947526051613721e+01
1.404128959097881690e+01
1.405948164932524413e+01
1.423888231920187586e+01
1.437989692215002790e+01
1.428602903491093024e+01
1.435474561317457010e+01
1.437397241832362482e+01
1.445365067374213730e+01
1.429554163421184043e+01
1.438148216000998403e+01
1.415464871246331491e+01
1.415678029698639229e+01
1.413927552150232358e+01
1.423796375307313333e+01
1.418206277252370207e+01
1.409429770623343181e+01
1.424677143138311308e+01
1.412120148441373502e+01
1.432530211421301303e+01
1.410514723376297219e+01
1.425131325523524239e+01
1.418980843596222741e+01
1.425011981435861763e+01
1.415685676966103124e+01
1.416720885765389149e+01
1.425865063138676980e+01
1.429674591891339830e+01
1.425773064680854851e+01
1.440903123523342444e+01
1.446337653561607262e+01
1.447176641979154788e+01
1.437353659399596673e+01
1.430067306110719727e+01
1.433323701641671555e+01
1.435374697202209582e+01
1.444876196178194938e+01
1.426840224616315744e+01
1.439834413605331065e+01
1.435105098502539001e+01
1.426003613661421454e+01
1.425090177620079857e+01
1.431877290970875727e+01
1.441027275572409572e+01
