4.730558319402555334e+00
3.499658119276705115e-01
3.283377929088672764e-01
3.547720296345142077e-01
4.074177577503251269e-01
3.517103183223720952e-01
3.096529091643310250e-01
3.823742185642211022e-01
3.594434881046529306e-01
3.377087025020775179e-01
3.754841385636419893e-01
3.376799557231034976e-01
3.282961961914674931e-01
3.512849254492816375e-01
3.677031643954876694e-01
3.632296888766050058e-01
3.714269830841535613e-01
3.407600245318413990e-01
3.947366195494081964e-01
3.454580671998827568e-01
3.695935089803328299e-01
3.417777494235059166e-01
3.456106012694822316e-01
4.646730927727239502e-01
4.019573753160705643e-01
4.139770885753010776e-01
3.857659116776783748e-01
3.275092382134632829e-01
4.177345386217875545e-01
3.510992009856118701e-01
3.292853122339587379e-01
3.083522889479493045e-01
4.538890105938361841e-01
3.198194846596823515e-01
3.466989409744585804e-01
3.970214717475081811e-01
3.702714564412308285e-01
3.394675087654603907e-01
3.240276966906756595e-01
3.866816958195314902e-01
3.440344709776492205e-01
3.512975793893283738e-01
3.691780226899202821e-01
2.678363324377729393e-01
3.610769369682095276e-01
3.997411361649544359e-01
4.700921314958145802e-01
3.585147093151374031e-01
3.307962143907156594e-01
4.553765895607785885e-01
4.025503999355629081e-01
3.922994564896640779e-01
3.638503392076490317e-01
3.520976548338428103e-01
2.643530164002642624e-01
4.562666677988040376e-01
3.675506592008951912e-01
3.595474082127805837e-01
3.566191099136253873e-01
3.542555202564349748e-01
3.930789223400021903e-01
3.558777089584400644e-01
2.761317600862791544e-01
3.812364732754941477e-01
3.873001705465746736e-01
3.546932447412555756e-01
3.735280599760589237e-01
3.112388774533447755e-01
3.774146606421606154e-01
3.885423362783747558e-01
3.032483048232060274e-01
3.600956823185191835e-01
3.734722996096649927e-01
3.238143273606000627e-01
3.677786328562318574e-01
4.077059998651887951e-01
3.632586365195076272e-01
3.427338444921311789e-01
2.690303981537244260e-01
3.302199973466515281e-01
4.070458216261291229e-01
3.085072108596309537e-01
3.620180279214587626e-01
3.596042986442962719e-01
3.208948659988373753e-01
4.161865978998520177e-01
4.340908734274041003e-01
3.219947555835617758e-01
4.099635566824862409e-01
4.955095165428338722e-01
4.765776490438911606e-01
3.850367955405152309e-01
4.150895539378113286e-01
5.454003733361110218e-01
5.566833702250681970e-01
5.074332312635196907e-01
5.983019134543127171e-01
5.716708270639235812e-01
7.603287743776815377e-01
7.888914213477130621e-01
7.642882341695199644e-01
9.348869564494749484e-01
8.111609924921604486e-01
8.275631131220924086e-01
7.998707642060858269e-01
8.407098833498977131e-01
6.880355757471043887e-01
8.466385359335039107e-01
8.446376764916220248e-01
7.380227115795300330e-01
9.977880643032535080e-01
8.050963148269481007e-01
9.072303961153972418e-01
8.372688420234299933e-01
1.053248022240855786e+00
9.913649283246791510e-01
1.089587513341098601e+00
1.050316742299449713e+00
8.579878914627496744e-01
1.016028865205671039e+00
9.986441262157748078e-01
9.479513058719181151e-01
1.137214480681645101e+00
1.090433848105314185e+00
9.168371991762501727e-01
9.046108331922270152e-01
1.111287941105295829e+00
9.790762678242639350e-01
1.069566267927599235e+00
1.143363397564243433e+00
1.018848526666310539e+00
1.181553423391028756e+00
9.467919018425584587e-01
1.224483867322152086e+00
1.133300714491872530e+00
1.143997016632700037e+00
1.063527759888837965e+00
1.064517616693834823e+00
9.793819625364904580e-01
1.227371566597287078e+00
1.062844917324399452e+00
1.213415759085289647e+00
9.186832840737025885e-01
9.107934417406490235e-01
9.346161500256209287e-01
8.117713420426745374e-01
1.074670605536268031e+00
9.834810158238382893e-01
9.130286353430355772e-01
1.015467388306268592e+00
1.124870741646426531e+00
1.039336796760671922e+00
8.560927713710052567e-01
1.130864991592264390e+00
1.003384034240372813e+00
1.039112708649363892e+00
8.149947392271174040e-01
9.192846783038041147e-01
9.841937928298328808e-01
8.068898421266855747e-01
9.652484991334714381e-01
1.122813151771127727e+00
1.194367921756567918e+00
1.015290757750462403e+00
8.730337240896065554e-01
9.251425635549004323e-01
8.735021131702683794e-01
7.820165554321889534e-01
7.653862014716430462e-01
8.907830776988696631e-01
8.450040709464379241e-01
8.292801173576321849e-01
9.943695647505393920e-01
8.536430407884775251e-01
9.773506960098964358e-01
8.708573778241813779e-01
7.680571718085759114e-01
8.031937103518115295e-01
8.432014829154381719e-01
9.305292140307301896e-01
7.813104336240996872e-01
8.725280129782406746e-01
9.520685400001901444e-01
7.541734549164341717e-01
8.701635092460136001e-01
7.096463424409178433e-01
6.699026182758953674e-01
8.910430662678101577e-01
8.622040298295771121e-01
9.166792181815149876e-01
9.652395941597493589e-01
8.478308196347883463e-01
8.767251605657612190e-01
9.037534508320063109e-01
8.657508106537504800e-01
7.894635529697523468e-01
7.167532781988553703e-01
9.086956458438689710e-01
9.740712724316749060e-01
8.998487970601279917e-01
4.760349421994102825e-01
7.978894611646185631e-01
4.509570729633163855e-01
5.212895057026415424e-01
8.549406775701057226e-01
5.942900590817826734e-01
7.126803786589079870e-01
4.141458740984728659e-01
5.820776611838978098e-01
7.807152605911485965e-01
8.200433941624198919e-01
7.653869951826391960e-01
6.948032934540424588e-01
8.705293490775594112e-01
8.584884176125220367e-01
5.643809492931380900e-01
5.105960257607868868e-01
4.687474293327118513e-01
7.663595037289858691e-01
6.780912412114266097e-01
7.294955325400471757e-01
6.466909286212030317e-01
5.644829397740960264e-01
6.907598524429311437e-01
4.145309959273160150e-01
8.227186145500167136e-01
6.087526566182472898e-01
5.999859291877280842e-01
6.842027845388194418e-01
6.842330911489541423e-01
5.182358837627305537e-01
5.698883903301713572e-01
6.086826638484176266e-01
5.699621531107145200e-01
6.846179021355354166e-01
7.042369934504679740e-01
8.165135164219154973e-01
7.505038267556142229e-01
8.045617854448050554e-01
7.246272343517542458e-01
6.969519034479531028e-01
6.861527940494056566e-01
7.542439051901067559e-01
4.711931495625424904e-01
6.456929947658960334e-01
6.468720747284801842e-01
5.662634918380324844e-01
5.115107054999710190e-01
5.936812374060433939e-01
7.976483724616424409e-01
7.629093729601530427e-01
6.584026568325554996e-01
7.360981377352706634e-01
7.200859451712743331e-01
5.991085423929520815e-01
8.226011698286759266e-01
8.507749868785543512e-01
9.615041053565668294e-01
7.287912467841903830e-01
6.751675633300853185e-01
7.240068609993699500e-01
7.393775436291816217e-01
7.555016882582665794e-01
6.746312314320848103e-01
7.769347640820857270e-01
7.584818010644810427e-01
6.654607942551963307e-01
4.975336615835761478e-01
6.749801042810456009e-01
6.046327614198186984e-01
7.329813234631811225e-01
8.385321115308268514e-01
8.361245195538836716e-01
6.783526956504065675e-01
7.664318089391414235e-01
7.652379337577163154e-01
5.699151246701854578e-01
7.584749612807689667e-01
8.417476852257742559e-01
8.568638552801133290e-01
7.926184983291926223e-01
5.652335076901033872e-01
5.575521803097402973e-01
7.065301384291012843e-01
5.727523124702899038e-01
7.226614410392611099e-01
6.508066525490482368e-01
6.258668827063484930e-01
7.069370204635880839e-01
5.346095536451460628e-01
7.964502802639927825e-01
8.234458442731458216e-01
6.433226376364568067e-01
9.002491991840624319e-01
6.436550765139185115e-01
6.347046696879099503e-01
6.896777211310776146e-01
6.994732062455856214e-01
5.893171230550989792e-01
7.182084345956407656e-01
6.486009363806058969e-01
7.302300878373003679e-01
6.747088465237578436e-01
8.197804170668329116e-01
7.645020388413998891e-01
8.312579418858143665e-01
9.466464236583215230e-01
9.555848236651279803e-01
9.053375188825107944e-01
8.108184953246566629e-01
8.797883079513035831e-01
7.327418453813356880e-01
6.681858623747177761e-01
6.371890104323381099e-01
6.742054444012778314e-01
8.366034471972791930e-01
6.138204426220319476e-01
6.908772602763627591e-01
8.275854502977004756e-01
8.388801813617492442e-01
7.031381115030820306e-01
7.922744255894582643e-01
8.921037212216655909e-01
9.287139442647788234e-01
7.192274094541680762e-01
8.616464008977375855e-01
9.115335868837611821e-01
8.436994387228805570e-01
9.454805100996277467e-01
8.712590471836000328e-01
7.782964669294402116e-01
8.093132312082680357e-01
9.749544992483443195e-01
8.128514704187346229e-01
7.508622364035957286e-01
6.444142570359938649e-01
4.566069947797525841e-01
5.912403163272406115e-01
7.036464138906759480e-01
6.415808061016788910e-01
6.802007810169450330e-01
8.004679816713863305e-01
5.378455792676009040e-01
6.301170341459637614e-01
6.773056298320447866e-01
5.484059575445959789e-01
5.911851926251222578e-01
7.684460838408598837e-01
7.826447661542383916e-01
6.206923898834012521e-01
6.061244052074701294e-01
7.113996658828596331e-01
6.948720822831708777e-01
7.034972965844832338e-01
6.792172185758882375e-01
5.810584162106258166e-01
6.847429835466199988e-01
6.685737503470823295e-01
7.823778915399836054e-01
7.715347293148540064e-01
8.402439277289710517e-01
5.951629290025184371e-01
5.345563989381596492e-01
6.267919897070466373e-01
4.318023516852512178e-01
5.141544908712933903e-01
6.222846935710792948e-01
6.547688555746281613e-01
6.625417202751422430e-01
6.687229511125120096e-01
6.436386003642891040e-01
8.006718717010071762e-01
7.051592686070391469e-01
5.881546752032310588e-01
7.220459571824042744e-01
6.539073985401493427e-01
6.370670390030798158e-01
6.791937664369843697e-01
6.020855467936938599e-01
7.751107960430562160e-01
7.171501231665234899e-01
7.019001110142083499e-01
6.238700847435248997e-01
8.464286878240410150e-01
7.443445825298987684e-01
6.309227325623811833e-01
6.114447000737919247e-01
6.026093707668136457e-01
6.376053248340813884e-01
6.271583346224605116e-01
5.989463104421424156e-01
7.014028983422081476e-01
6.316470588478110271e-01
7.498834047826958837e-01
7.073780183407428757e-01
6.048864046717894460e-01
7.069704705856779681e-01
7.361098696948382702e-01
7.708588090527985770e-01
5.565893099105877484e-01
