8.505227150928357460e+00
7.511768544535080139e-01
6.562973580795691264e-01
6.757136967680913431e-01
7.316781320286186441e-01
6.795312109584566995e-01
5.937737129767722832e-01
7.194195963104950131e-01
7.126358739839642187e-01
7.173921908939040470e-01
7.279990842485082325e-01
6.992872561878034077e-01
6.975366179157430624e-01
6.845569532348803055e-01
6.828124844266462157e-01
7.436528461288611780e-01
6.563684602077979324e-01
6.837198906634859297e-01
7.899142710165170111e-01
6.677471244582205978e-01
8.162839919755595641e-01
6.533329931971902926e-01
6.655548228524996723e-01
8.823415816262240030e-01
7.536522186437631943e-01
8.109497860876191400e-01
7.426535755877924361e-01
6.189665221605734624e-01
8.524057458485105876e-01
7.240445811934204112e-01
7.628749715531517595e-01
6.508275928043888436e-01
8.263319887040290190e-01
6.652124973770913163e-01
7.137482438195947854e-01
8.195978010924354074e-01
7.350189717884081375e-01
6.664807240690125978e-01
6.334213973861844149e-01
7.272475507005848883e-01
6.558157769780577073e-01
6.795708613202566806e-01
6.760083004092642955e-01
4.990133598745962185e-01
7.745725703035621912e-01
7.839030552306833766e-01
9.154761359836504075e-01
6.493275153743464090e-01
6.874849493302058745e-01
8.448942077101856407e-01
7.414388414128001425e-01
8.068983138468495131e-01
7.182800444271176810e-01
7.590941970533037209e-01
5.895644343260729725e-01
8.479926624420494052e-01
6.262104722499901577e-01
7.033656390684878135e-01
7.316635535241285959e-01
6.793599111582084848e-01
7.451729105829510980e-01
6.489863035705933925e-01
5.010016633372254002e-01
7.278834613681872678e-01
7.229141642607985752e-01
6.766472903629746627e-01
6.924613105919107392e-01
5.869507834752605291e-01
7.161955040350361790e-01
7.450357187559684125e-01
6.004691684193469436e-01
6.536560427489539471e-01
7.113484065881892082e-01
5.836464873724696023e-01
6.835589871319730504e-01
7.377112503472404992e-01
7.066603773305029090e-01
6.379432228306491925e-01
5.534301120185716183e-01
5.896914447403828197e-01
8.073856300155184407e-01
6.485313322337546982e-01
6.732938107212598222e-01
6.979700725835041863e-01
6.818430089755918022e-01
8.590715918944125118e-01
8.187489779467752582e-01
6.358790940282768034e-01
7.378287214674027483e-01
9.399378821082924329e-01
9.515262593445452666e-01
7.670883622866114804e-01
8.308012197070168137e-01
1.076358056906096206e+00
1.027578815576801752e+00
8.890087488633368062e-01
1.108994990470601127e+00
1.008974672075017454e+00
1.426272725985072265e+00
1.489289950129106144e+00
1.391600038325188526e+00
1.763524280776674891e+00
1.500768543854188897e+00
1.623291067211573457e+00
1.498803411614300529e+00
1.637015441452998266e+00
1.267963590434152188e+00
1.629610860161270436e+00
1.696942217309973744e+00
1.593712507184265048e+00
1.891485013304508245e+00
1.468174830642908546e+00
1.741976176645363861e+00
1.658413565898312569e+00
2.038865261746237945e+00
2.023575520925495308e+00
2.011698591295977945e+00
2.050599072358016084e+00
1.730584647517197094e+00
1.988024815405146750e+00
1.997826708089456726e+00
1.797931558455129197e+00
2.113650449393707831e+00
2.029309789613754855e+00
1.651118980839627604e+00
1.685319916876977686e+00
2.160875362748470252e+00
1.907764281968701736e+00
2.214826027780360640e+00
2.319609066679603426e+00
1.939050197046653601e+00
2.368269973349041102e+00
1.963397989880468986e+00
2.490834844429117290e+00
2.202717917079311860e+00
2.159882301320040998e+00
2.127754815657940224e+00
2.262713317138421054e+00
1.880286650723471231e+00
2.495153613618920296e+00
1.900432143838167498e+00
2.196120038208799752e+00
1.865680811095212110e+00
1.867295608330103107e+00
1.923694940010557186e+00
1.644607214166619480e+00
2.055102484603193780e+00
1.813258730083002312e+00
1.810550100567964726e+00
2.016896102651023259e+00
2.395270246873106856e+00
2.126075701589406730e+00
1.675553109340979008e+00
2.230049924702733666e+00
1.876178177987249729e+00
1.935440920192490921e+00
1.713088341757851740e+00
1.645544860795016051e+00
2.008184254494592036e+00
1.839122858562985963e+00
1.955098434577883015e+00
2.300272351024740924e+00
2.457850935720517604e+00
1.989977554312275965e+00
1.775953703100268344e+00
1.831508910403901735e+00
1.602797415631668443e+00
1.353515628116482183e+00
1.453372361861275275e+00
1.655468413068236888e+00
1.711849844141970500e+00
1.580132765167394426e+00
1.947315645246610272e+00
1.716760806480234880e+00
1.785557771553627493e+00
1.744866629732930496e+00
1.463784326858145635e+00
1.574425609547812410e+00
1.561017082972935510e+00
1.693064151833066910e+00
1.390103912982367351e+00
1.650749997896578725e+00
1.817726785484184537e+00
1.406704620341061140e+00
1.465014220636327913e+00
1.197168696921569575e+00
1.283918308235466599e+00
1.545718135869394327e+00
1.497337637274906319e+00
1.635893537693289712e+00
1.725365532929825862e+00
1.667024661551898213e+00
1.767493391469651121e+00
1.622910417189507681e+00
1.591063969661671518e+00
1.367156172498226407e+00
1.408911478963655650e+00
1.570434617833193380e+00
1.712987027258395356e+00
1.555523348872940748e+00
1.011388264823268823e+00
1.667901842302344617e+00
8.312910975638372335e-01
1.013732870796509866e+00
1.682466311368191914e+00
1.060171055380529914e+00
1.293481950224105725e+00
8.319554608805022067e-01
1.228085049533984341e+00
1.601609468281481430e+00
1.764953886712687492e+00
1.538916790761894582e+00
1.305237483712787139e+00
1.722003387530543606e+00
1.687530213721289973e+00
1.073013668754193350e+00
9.757413705599562448e-01
8.882660387268869195e-01
1.430395594077231491e+00
1.323441809156044036e+00
1.332112315918677181e+00
1.158439035944490270e+00
1.046849506323086043e+00
1.324112113413697722e+00
8.271399854653114225e-01
1.599546776086554267e+00
1.155230809069002440e+00
1.168690435202296429e+00
1.298539393147376098e+00
1.274081106785069473e+00
9.840146792039683454e-01
1.064259210280402712e+00
1.212881097039423484e+00
1.065553012394138355e+00
1.251630225834380328e+00
1.302735583301538824e+00
1.538659770348496547e+00
1.391139461017478318e+00
1.603091076639128421e+00
1.365133326821962756e+00
1.315194155502017903e+00
1.293236637278730727e+00
1.431576636672541758e+00
9.260118189790500498e-01
1.240641232051662657e+00
1.136593546035208124e+00
1.098430395306563501e+00
1.023124625839882729e+00
1.138097047219123858e+00
1.583489676491626419e+00
1.441031459291109984e+00
1.294654866063624565e+00
1.417352931818089301e+00
1.290494694121426589e+00
1.005478603562612872e+00
1.474000452283965590e+00
1.506219734596811355e+00
1.755765138685189575e+00
1.470368963522043604e+00
1.207530261870621846e+00
1.383638881918094699e+00
1.516065961625680636e+00
1.445710744082493004e+00
1.307681748574764935e+00
1.513537467876717946e+00
1.532480342451412847e+00
1.383231361703456841e+00
1.002697472931004308e+00
1.282718857219564690e+00
1.049757696910206928e+00
1.493253122845852099e+00
1.695922069750454897e+00
1.517492961726310208e+00
1.297792185041794388e+00
1.602790240660191934e+00
1.496800142526271360e+00
1.046484538294230271e+00
1.431634031447981403e+00
1.682711073106597066e+00
1.860812874943516881e+00
1.670418078073736545e+00
1.208256825164068848e+00
1.025109425053410295e+00
1.363032607419532471e+00
1.053117119159434623e+00
1.333607846740895830e+00
1.164870092900205378e+00
1.156918752549201512e+00
1.320900198097241907e+00
9.486261410880236777e-01
1.405574971319566435e+00
1.426084928123925843e+00
1.179074024629308770e+00
1.705682528751728100e+00
1.228768172692563665e+00
1.125624221882635778e+00
1.242814234800286854e+00
1.263362400721010692e+00
1.107562940273222774e+00
1.362688355991771072e+00
1.219975227435194709e+00
1.389496311617990587e+00
1.301888201378631926e+00
1.495413320791278977e+00
1.391188181216170383e+00
1.424048415219401731e+00
1.502452402647824981e+00
1.707782187516897920e+00
1.744125250344392475e+00
1.549233358793955295e+00
1.636800707342086492e+00
1.374809077654057576e+00
1.142108381702698017e+00
1.288553021372768281e+00
1.347917900566153460e+00
1.814442705993587923e+00
1.138684865194150797e+00
1.215189285667051644e+00
1.537416303051613253e+00
1.483606304471191795e+00
1.211231696341464659e+00
1.471604415444434766e+00
1.658712218024037677e+00
1.791344001953096177e+00
1.362827289946243692e+00
1.590965604768234787e+00
1.671103727081794998e+00
1.604036020654010963e+00
1.783339065411348567e+00
1.509920858853204706e+00
1.466705151010249786e+00
1.589231155831858811e+00
1.925976952671610176e+00
1.523151302034334353e+00
1.332648198971589704e+00
1.152971475025389436e+00
8.761712161444243918e-01
1.059217163758216618e+00
1.304936780077870395e+00
1.208952531004514830e+00
1.340530574892725868e+00
1.496599701545696437e+00
9.943672471588258510e-01
1.219718364578023850e+00
1.309764185730478259e+00
1.065071776402364945e+00
1.127520583699768597e+00
1.423766678762905746e+00
1.373795229768007831e+00
1.146888980387087420e+00
1.149161288360631694e+00
1.238131612103046786e+00
1.300566372350480115e+00
1.284052655548916011e+00
1.169002851436499624e+00
1.008413550528199254e+00
1.227720380759940610e+00
1.299114057091729668e+00
1.526492894040308190e+00
1.430568030150572323e+00
1.661653660932051357e+00
1.227231799167903148e+00
1.139048384495681354e+00
1.234891088315078989e+00
8.128055664726275831e-01
1.017539297630426720e+00
1.215064195834935967e+00
1.220715455059950605e+00
1.231287898457907204e+00
1.263999164908303774e+00
1.194578726302010230e+00
1.505682753954350028e+00
1.324258115155634963e+00
1.267613856380912507e+00
1.496773158794908687e+00
1.372371872181718855e+00
1.315166613863894662e+00
1.424860227063225349e+00
1.118545136425983522e+00
1.347414808686125065e+00
1.260638991411366261e+00
1.308740064166890260e+00
1.016741035531335546e+00
1.433500610394010222e+00
1.302378337248179418e+00
1.136115408848160202e+00
1.188958881636459797e+00
1.126554037762947047e+00
1.167325956572922818e+00
1.151762707042268241e+00
1.099238170532462311e+00
1.251653528559543149e+00
1.105258139782537619e+00
1.390197787686661579e+00
1.238546459901013641e+00
1.083545671498078233e+00
1.285128614402292202e+00
1.298138025532467710e+00
1.378355743469571459e+00
1.050155332425742660e+00
