8.166666666666666075e+00
6.830000000000000071e+00
6.847333333333334160e+00
6.800999999999999268e+00
6.779333333333334544e+00
6.942000000000001947e+00
6.661666666666666181e+00
6.604333333333332945e+00
6.810333333333333350e+00
6.948666666666666991e+00
6.658000000000001251e+00
6.842000000000000526e+00
6.665999999999998593e+00
6.774666666666666615e+00
6.890666666666667162e+00
6.772666666666665947e+00
6.807333333333333236e+00
6.577333333333333698e+00
6.754333333333334188e+00
7.027333333333332099e+00
6.920666666666667410e+00
6.674000000000000377e+00
6.866333333333332511e+00
6.729999999999998650e+00
6.865000000000000213e+00
6.840666666666666451e+00
6.713000000000001855e+00
6.549333333333334117e+00
6.853333333333333499e+00
6.901666666666668171e+00
6.825333333333333030e+00
6.720333333333332604e+00
6.935666666666667091e+00
6.922999999999999154e+00
6.830333333333334700e+00
6.771666666666667389e+00
6.612666666666665805e+00
6.876333333333333186e+00
6.761999999999999567e+00
6.850999999999999979e+00
6.566999999999999282e+00
7.019666666666665833e+00
6.808333333333331794e+00
6.873000000000001108e+00
6.721999999999997755e+00
6.834000000000000519e+00
6.846333333333333826e+00
6.857333333333333059e+00
6.856666666666666465e+00
7.042666666666665520e+00
6.811333333333333684e+00
6.704666666666666330e+00
7.137333333333332419e+00
6.943999999999999062e+00
6.777333333333332099e+00
7.088666666666667560e+00
7.110666666666666025e+00
7.053666666666667417e+00
7.321333333333333471e+00
7.396333333333334537e+00
9.011999999999998678e+00
8.840333333333335375e+00
9.048000000000001819e+00
8.676999999999997826e+00
8.935333333333334238e+00
8.954666666666666330e+00
9.047999999999998266e+00
8.984333333333333727e+00
9.407999999999999474e+00
9.018666666666666387e+00
8.909666666666668178e+00
9.010666666666670821e+00
8.973666666666668235e+00
8.849666666666667680e+00
9.127333333333330856e+00
9.125666666666665705e+00
9.306666666666664867e+00
9.134666666666666046e+00
8.905333333333334878e+00
9.027999999999998693e+00
9.234666666666665691e+00
9.102666666666666018e+00
9.072333333333334693e+00
9.173333333333335560e+00
9.330333333333335588e+00
9.304000000000003823e+00
9.249666666666666259e+00
9.143333333333336199e+00
9.384333333333332305e+00
9.450333333333334807e+00
9.356666666666665577e+00
9.194333333333332803e+00
9.604000000000000981e+00
9.619999999999999218e+00
9.545333333333333670e+00
9.583666666666667666e+00
9.913666666666667737e+00
9.929666666666667751e+00
1.049833333333333485e+01
1.027433333333333643e+01
1.077599999999999980e+01
1.110766666666666502e+01
1.113733333333333420e+01
1.144166666666666465e+01
1.150500000000000078e+01
1.174933333333333252e+01
1.202500000000000036e+01
1.228866666666666596e+01
1.248733333333333206e+01
1.225066666666666393e+01
1.221666666666667034e+01
1.195400000000000240e+01
1.179699999999999882e+01
1.197333333333333272e+01
1.260866666666666980e+01
1.229766666666666275e+01
1.216766666666666907e+01
1.230633333333332935e+01
1.212366666666667037e+01
1.210200000000000031e+01
1.280133333333333034e+01
1.265566666666666507e+01
1.294533333333333225e+01
1.222533333333333516e+01
1.281166666666666920e+01
1.272633333333333461e+01
1.329899999999999771e+01
1.309766666666666879e+01
1.336299999999999955e+01
1.321733333333333427e+01
1.354100000000000037e+01
1.342200000000000060e+01
1.296500000000000163e+01
1.294133333333333624e+01
1.336933333333333529e+01
1.268133333333333290e+01
1.269166666666666110e+01
1.322533333333333161e+01
1.298233333333333483e+01
1.353466666666666818e+01
1.339100000000000179e+01
1.359033333333333182e+01
1.407133333333333347e+01
1.389733333333333398e+01
1.453666666666666529e+01
1.475066666666666215e+01
1.453066666666666684e+01
1.448166666666666735e+01
1.458499999999999908e+01
1.482366666666666788e+01
1.446266666666667078e+01
1.474233333333333462e+01
1.469133333333333802e+01
1.464799999999999613e+01
1.430433333333333046e+01
1.450133333333333319e+01
1.417500000000000249e+01
1.521433333333333238e+01
1.484600000000000364e+01
1.504733333333333611e+01
1.523366666666666269e+01
1.480733333333333235e+01
1.450233333333333263e+01
1.470599999999999596e+01
1.497866666666666724e+01
1.510133333333333283e+01
1.551266666666666616e+01
1.551566666666666805e+01
1.554566666666666919e+01
1.547899999999999743e+01
1.575633333333333574e+01
1.573066666666666791e+01
1.546533333333333715e+01
1.533700000000000152e+01
1.575366666666666582e+01
1.558266666666666467e+01
1.549433333333333174e+01
1.529200000000000159e+01
1.559700000000000308e+01
1.580733333333333412e+01
1.590333333333333243e+01
1.576333333333333186e+01
1.579400000000000048e+01
1.589766666666666772e+01
1.608999999999999986e+01
1.599933333333332897e+01
1.569066666666666521e+01
1.566566666666666485e+01
1.589000000000000945e+01
1.569700000000000273e+01
1.566066666666666229e+01
1.576766666666666694e+01
1.625933333333332698e+01
1.611133333333333084e+01
1.579233333333333356e+01
1.560200000000000387e+01
1.562533333333333552e+01
1.583866666666667022e+01
1.603233333333333377e+01
1.623733333333333206e+01
1.648066666666666436e+01
1.612966666666666882e+01
1.647466666666666768e+01
1.631700000000000017e+01
1.653266666666666396e+01
1.639199999999999946e+01
1.634333333333333727e+01
1.649966666666666626e+01
1.652733333333333476e+01
1.635066666666666890e+01
1.604666666666666686e+01
1.604466666666666796e+01
1.617866666666666831e+01
1.615899999999999892e+01
1.619533333333333402e+01
1.660500000000000043e+01
1.691766666666666907e+01
1.686366666666667058e+01
1.647533333333333161e+01
1.620133333333333425e+01
1.633033333333333559e+01
1.651699999999999946e+01
1.656166666666666387e+01
1.649933333333332897e+01
1.638833333333333542e+01
1.625366666666667115e+01
1.656133333333333013e+01
1.641400000000000148e+01
1.615233333333333832e+01
1.632199999999999562e+01
1.628466666666666640e+01
1.660300000000000153e+01
1.671166666666666600e+01
1.650366666666666760e+01
1.646866666666667101e+01
1.661000000000000298e+01
1.644833333333333414e+01
1.658900000000000219e+01
1.630699999999999861e+01
1.619099999999999540e+01
1.653899999999999793e+01
1.633300000000000196e+01
1.622500000000000142e+01
1.673766666666666580e+01
1.643400000000000460e+01
1.676866666666666816e+01
1.678200000000000003e+01
1.711399999999999721e+01
1.676533333333333076e+01
1.659933333333333039e+01
1.640500000000000469e+01
1.629766666666666453e+01
1.651199999999999690e+01
1.662033333333333474e+01
1.671166666666666956e+01
1.620599999999999952e+01
1.606766666666666410e+01
1.596233333333332993e+01
1.620466666666667166e+01
1.669800000000000395e+01
1.641966666666666441e+01
1.621799999999999997e+01
1.634066666666666734e+01
1.687866666666666760e+01
1.662099999999999866e+01
1.633800000000000097e+01
1.635100000000000264e+01
1.678666666666666529e+01
1.688700000000000045e+01
1.651566666666666450e+01
1.654533333333333900e+01
1.632500000000000284e+01
1.605133333333333567e+01
1.622766666666666424e+01
1.641633333333333056e+01
1.652599999999999980e+01
1.659633333333333027e+01
1.609200000000000230e+01
1.590966666666666285e+01
1.618566666666666620e+01
1.622033333333333616e+01
1.639566666666666350e+01
1.640799999999999770e+01
1.628566666666666762e+01
1.669899999999999807e+01
1.661633333333333340e+01
1.680900000000000460e+01
1.674299999999999855e+01
1.683599999999999497e+01
1.717466666666666342e+01
1.643700000000000117e+01
1.676133333333333297e+01
1.624666666666666970e+01
1.596933333333333849e+01
1.665566666666666862e+01
1.670966666666666711e+01
1.670833333333333570e+01
1.628433333333333266e+01
1.648100000000000165e+01
1.642933333333333223e+01
1.665066666666666961e+01
1.635999999999999943e+01
1.672066666666666634e+01
1.615700000000000003e+01
1.628433333333333266e+01
1.635833333333333428e+01
1.646366666666666845e+01
1.630999999999999872e+01
1.586733333333333462e+01
1.648600000000000065e+01
1.600966666666666782e+01
1.629000000000000270e+01
1.647133333333333738e+01
1.644333333333333513e+01
1.678800000000000381e+01
1.624099999999999611e+01
1.688966666666666328e+01
1.693499999999999872e+01
1.676666666666666927e+01
1.653699999999999548e+01
1.692666666666666586e+01
1.668733333333333135e+01
1.620733333333333448e+01
1.626999999999999957e+01
1.646866666666666745e+01
1.643466666666666498e+01
1.580699999999999861e+01
1.600466666666666882e+01
1.600466666666666526e+01
1.629700000000000060e+01
1.631599999999999895e+01
1.623899999999999721e+01
1.661833333333332874e+01
1.646366666666666490e+01
1.671766666666666268e+01
1.640366666666666617e+01
1.681199999999999761e+01
1.708699999999999619e+01
1.662000000000000099e+01
1.660933333333333195e+01
1.626666666666666927e+01
1.649600000000000222e+01
1.712066666666666137e+01
1.667266666666666453e+01
1.657666666666666444e+01
1.690233333333333832e+01
1.673199999999999577e+01
1.659466666666666512e+01
1.661999999999999744e+01
1.695699999999999719e+01
1.670500000000000185e+01
1.676366666666666561e+01
1.648933333333333451e+01
1.667233333333333434e+01
1.655300000000000082e+01
1.700233333333333618e+01
1.670600000000000307e+01
1.630400000000000560e+01
1.633166666666666700e+01
1.668466666666666853e+01
1.691266666666666296e+01
1.668566666666666976e+01
1.683433333333333337e+01
1.685200000000000387e+01
1.702733333333333476e+01
1.673066666666666436e+01
1.692699999999999960e+01
1.647733333333333405e+01
1.654366666666667030e+01
1.652166666666666828e+01
1.666500000000000625e+01
1.655833333333333357e+01
1.635066666666666890e+01
1.665866666666666873e+01
1.639966666666666484e+01
1.677233333333333576e+01
1.638033333333333275e+01
1.662000000000000455e+01
1.658966666666666612e+01
1.669999999999999929e+01
1.655399999999999849e+01
1.656166666666666387e+01
1.677900000000000347e+01
1.680599999999999739e+01
1.671800000000000352e+01
1.700533333333332919e+01
1.706033333333333601e+01
1.712600000000000122e+01
1.692966666666666953e+01
1.679399999999999693e+01
1.687766666666666637e+01
1.692033333333332834e+01
1.708333333333333215e+01
1.671366666666666845e+01
1.696599999999999753e+01
1.688566666666666904e+01
1.669666666666666899e+01
1.672899999999999920e+01
1.685433333333333650e+01
1.705066666666666109e+01
