5.833333333333335508e-02
1.246834686327523700e+00
2.635123086283965854e+00
3.518589085510033687e+00
4.280580409461603786e+00
4.971458254302589808e+00
5.671683184688409263e+00
6.337738075071767341e+00
6.923776798211336292e+00
7.477806618715136189e+00
8.058480605790668605e+00
8.611834686365623881e+00
9.090781897829398162e+00
9.547343502628843126e+00
9.972129356233400799e+00
1.036495967424078479e+01
1.074950825647319341e+01
1.108888704470355968e+01
1.139035783965871218e+01
1.172254504964135613e+01
1.200673855573545445e+01
1.225470949327087489e+01
1.251311643665609452e+01
1.275024766905619344e+01
1.295068386875487398e+01
1.317625619655106739e+01
1.339526236305233198e+01
1.356779794986242216e+01
1.373699044222057886e+01
1.389162705703130740e+01
1.404268379992797655e+01
1.419239349592511168e+01
1.434149160645148946e+01
1.449570445907254701e+01
1.464154099992320646e+01
1.478831929587768634e+01
1.490928149639347744e+01
1.500849743074043552e+01
1.507857735082942874e+01
1.512642299949195923e+01
1.518124697598619477e+01
1.521136650276839219e+01
1.523390872589083855e+01
1.524806775216405086e+01
1.527056528355415743e+01
1.528798331118654374e+01
1.531060383247811174e+01
1.534563056907226652e+01
1.539332354936433411e+01
1.544966556173189431e+01
1.551492606994875878e+01
1.558212141359084058e+01
1.562465782973447048e+01
1.566173121457228135e+01
1.569699513348619568e+01
1.574879438683153765e+01
1.580845589633996973e+01
1.584972927034010048e+01
1.589343463306108717e+01
1.593916287789770614e+01
1.605469920783025728e+01
1.619032144112065552e+01
1.635691990140655605e+01
1.656097417025574359e+01
1.676904671872408059e+01
1.697199380883643371e+01
1.718099305326882131e+01
1.738105165535384700e+01
1.756717731709018437e+01
1.772306867943401087e+01
1.788579103155103311e+01
1.804784182235716017e+01
1.820505689576294017e+01
1.827315248994077379e+01
1.833509210286759128e+01
1.836114053718142003e+01
1.833463750949903570e+01
1.831144475370125591e+01
1.842122998873342965e+01
1.857024851488541728e+01
1.869320345850451659e+01
1.877063595331986789e+01
1.881494038252462531e+01
1.886424438099209411e+01
1.885294187418889678e+01
1.885718068425004645e+01
1.884789012282827869e+01
1.883109144919479050e+01
1.890696658657391538e+01
1.891828081860113286e+01
1.898535596188866137e+01
1.898066025966177861e+01
1.900028978098229970e+01
1.902714829135598151e+01
1.895989828282289125e+01
1.891130671164091126e+01
1.887330558197823649e+01
1.889945910491803005e+01
1.881815043591275582e+01
1.857620178211429973e+01
1.833041598391567817e+01
1.822648050759845262e+01
1.806247810374315321e+01
1.790489752041861493e+01
1.774352575294500767e+01
1.768315647913895461e+01
1.751029687969590043e+01
1.731675222805246150e+01
1.705874236274582501e+01
1.679466563103125409e+01
1.674874697059073370e+01
1.663870140035432499e+01
1.648435607497648192e+01
1.628174263405666977e+01
1.615664261946671232e+01
1.608794249204411031e+01
1.608332858622878803e+01
1.602938001798831280e+01
1.587386625063148138e+01
1.578559341306076114e+01
1.576287566876338353e+01
1.576061438121582015e+01
1.567516437814825103e+01
1.551991411632472406e+01
1.543829380624621983e+01
1.548209828060007354e+01
1.548207535651918754e+01
1.538903769557935775e+01
1.538117907197343115e+01
1.536216918613285465e+01
1.524138353070555674e+01
1.520622026997267540e+01
1.514878698043664684e+01
1.509814675530740935e+01
1.504771702263741062e+01
1.497360119436178749e+01
1.492847430428003719e+01
1.493960789256357913e+01
1.498852165631311628e+01
1.503462905926949844e+01
1.501937357056617905e+01
1.499030016700997869e+01
1.494042323762637281e+01
1.499485621678875802e+01
1.505836944623520957e+01
1.515153260297037718e+01
1.513542507200961040e+01
1.507583944458480119e+01
1.503851527123359055e+01
1.502772284627844357e+01
1.498165043919387607e+01
1.497394770764403304e+01
1.497815783914554366e+01
1.493452144683957705e+01
1.488455435612737610e+01
1.488794859361144596e+01
1.484124321432977567e+01
1.485999449218121349e+01
1.495936229721962363e+01
1.502068098666213736e+01
1.502544714188404917e+01
1.491303948880187846e+01
1.485871451542286792e+01
1.482959439589464345e+01
1.487386018917611885e+01
1.486703048963612339e+01
1.488690037976720681e+01
1.488308008536655613e+01
1.486112118126408177e+01
1.489191770355260225e+01
1.487520697901855016e+01
1.489801397589007159e+01
1.489151754017356488e+01
1.481478382644501401e+01
1.480116658860381484e+01
1.472035095140286565e+01
1.467163254227827096e+01
1.465593192210889129e+01
1.473950513730543044e+01
1.476536516066501825e+01
1.475763375073162287e+01
1.472965419336043702e+01
1.474140428948653359e+01
1.481380535533496889e+01
1.482076770744832928e+01
1.478936807110557083e+01
1.477071636533799293e+01
1.472556615380504574e+01
1.470159178423797819e+01
1.470578747388621288e+01
1.472319440558563919e+01
1.474338534718148352e+01
1.476494454892148589e+01
1.476151182117410698e+01
1.466812482366702852e+01
1.464425823924213077e+01
1.461691619588476776e+01
1.462005741732784081e+01
1.464465934612498010e+01
1.472793677468904860e+01
1.478450372539169244e+01
1.476644072363258786e+01
1.484124461483112256e+01
1.490953081933479929e+01
1.490869095356441143e+01
1.481214738546903575e+01
1.483631738755158302e+01
1.485979869084033567e+01
1.487869356704552182e+01
1.483122609136311354e+01
1.478611023734060304e+01
1.475073696162128023e+01
1.472942807940821197e+01
1.472100621247478536e+01
1.470595032551761250e+01
1.474062911033828804e+01
1.481164068601744610e+01
1.482503855186961772e+01
1.472390659201195540e+01
1.466387633019962955e+01
1.476035352608242945e+01
1.476450747565021260e+01
1.476921590303663478e+01
1.480679078016395245e+01
1.477384344174347497e+01
1.479220104779771638e+01
1.479336319484656315e+01
1.474487406972308712e+01
1.469158799849036789e+01
1.471352737288773227e+01
1.472081310186162817e+01
1.472897563244411323e+01
1.480205367293776497e+01
1.479206933508434574e+01
1.468325484195365682e+01
1.463160278306856732e+01
1.466310610840053386e+01
1.470849514658302404e+01
1.470373795604635880e+01
1.470925117110315483e+01
1.472896406680162151e+01
1.472067358318422770e+01
1.465246752333378133e+01
1.465810692975479590e+01
1.466011142518632404e+01
1.464156438864872278e+01
1.463345370689614811e+01
1.471125186535318541e+01
1.468119959963531862e+01
1.467638879975362443e+01
1.466017496947423915e+01
1.458102103182567433e+01
1.457850607497370810e+01
1.466003822386111111e+01
1.463033526155237496e+01
1.460723244223186867e+01
1.452362015810657425e+01
1.452452658769476201e+01
1.457808729896850508e+01
1.467174220958189856e+01
1.457688394246032004e+01
1.452422536544056086e+01
1.453368037130184831e+01
1.458450032711609801e+01
1.461032130528327322e+01
1.456561424127029980e+01
1.459041065709416074e+01
1.469930259330681110e+01
1.465084309957666164e+01
1.465771773436554959e+01
1.460805458599194040e+01
1.460932124281643851e+01
1.458527786251027969e+01
1.457431298855238033e+01
1.462747281452283410e+01
1.465413808014881525e+01
1.461416806559302906e+01
1.454986599272735326e+01
1.450110113958404945e+01
1.456703999557719342e+01
1.465513414737113429e+01
1.471034143163845975e+01
1.469773597425228573e+01
1.459152329990372010e+01
1.458757568184095099e+01
1.467618827125792791e+01
1.461236691206183558e+01
1.467623028272484298e+01
1.460916058439816645e+01
1.459979190980239672e+01
1.455536978850885177e+01
1.457334774826016499e+01
1.457271719559299683e+01
1.455604816912364186e+01
1.461991601379223127e+01
1.464531644030495627e+01
1.460565540520713057e+01
1.456561522092367866e+01
1.453525048725277635e+01
1.464815235194458154e+01
1.462601158694355519e+01
1.466398368066292868e+01
1.462661832012497243e+01
1.460907770001248807e+01
1.457837486501199109e+01
1.457933802108967036e+01
1.460863482862062845e+01
1.463325718262137087e+01
1.469819332314845362e+01
1.460455001497392757e+01
1.455819853580603329e+01
1.453983686049788204e+01
1.450752316171781686e+01
1.456087033983583900e+01
1.459733058183294574e+01
1.457276850777235921e+01
1.464826783999647652e+01
1.465224608448506771e+01
1.458287524203999475e+01
1.457949299281853683e+01
1.452450328969784366e+01
1.451575024692130889e+01
1.449028807317258227e+01
1.451417356834148542e+01
1.452011180197002993e+01
1.453661452437203394e+01
1.446023807783040027e+01
1.447632768979025819e+01
1.449486142521710264e+01
1.449461668769331091e+01
1.449464290298041469e+01
1.448982201713973339e+01
1.452086302235875337e+01
1.450709218240931264e+01
1.451490169950167264e+01
1.455646581549876117e+01
1.456980629681114969e+01
1.460398228503461659e+01
1.456435951666678008e+01
1.451510057415693389e+01
1.449608458675925249e+01
1.452603856534530813e+01
1.461981894083679023e+01
1.463664474435957352e+01
1.457182286782825820e+01
1.457575671496224956e+01
1.457845314706283624e+01
1.452330398668630451e+01
1.452066202492945379e+01
1.458481235453512959e+01
1.461478038444932182e+01
1.457270430533154837e+01
1.452880004134592618e+01
1.446975358345082796e+01
1.452034646977368126e+01
1.456108490642929354e+01
1.460912397042876698e+01
1.454052926155885572e+01
1.449740158361858633e+01
1.458621306111942495e+01
1.455097559919468431e+01
1.461175510525632326e+01
1.463619178590840164e+01
1.467877379365323165e+01
1.467175656415835228e+01
1.463371666577369723e+01
1.457057268718154575e+01
1.458410490480115840e+01
1.456698891128886508e+01
1.451832334791389023e+01
1.450894998746249698e+01
1.450749019484271152e+01
1.452644081389027164e+01
1.458091384130590207e+01
1.458026886556860013e+01
1.455209092769335300e+01
1.454839553972192689e+01
1.448433850196904693e+01
1.451926974867034126e+01
1.455708865337301816e+01
1.449163172381514464e+01
1.444080434763907128e+01
1.450137869268290025e+01
1.447717309181802570e+01
1.446807820156291946e+01
1.453229420712626840e+01
1.458317883452019892e+01
1.459666293212735155e+01
1.459516487773878879e+01
1.451883565845977309e+01
1.450574173581224890e+01
1.452182694465957624e+01
1.454180210677730578e+01
1.452968528406258564e+01
1.452066170132673761e+01
1.456448335313172215e+01
1.453376764272223021e+01
1.447115683887594528e+01
1.449128668480880400e+01
1.446432373285227158e+01
