3.670452590924206532e-02
1.309995109076086961e-01
1.567380677438679759e-01
1.849552084834582277e-01
2.122826113885597776e-01
3.013154239248979627e-01
3.281259630947419015e-01
3.906508965044735437e-01
4.064589017777883728e-01
4.436677944298422216e-01
4.611831019149542077e-01
4.250206894548630987e-01
4.267135352472160026e-01
4.206050501544589815e-01
4.335159237887265538e-01
4.763528814285600821e-01
5.386680461649965279e-01
5.663961379852627820e-01
5.999874295202050067e-01
6.419384950251610933e-01
6.873132869743538986e-01
7.201353884316020748e-01
7.603977337319347551e-01
7.637058038684184647e-01
7.399019884012761894e-01
7.372358589112134597e-01
7.682159162588965140e-01
7.964615303804070123e-01
8.230491110628059825e-01
8.099287332907092463e-01
7.829303727557612724e-01
7.425301371554521301e-01
7.134349636626505786e-01
6.907542970656449510e-01
6.940063886120843017e-01
6.938028507759419483e-01
6.708090571028966220e-01
6.666401837968730648e-01
6.678951557830933305e-01
6.799330361676976242e-01
7.049766346787025295e-01
7.002426401966485026e-01
7.064138079144428595e-01
6.955909147027359296e-01
6.564571634837415015e-01
6.288546670973329533e-01
6.020252067258831108e-01
5.802568585157354963e-01
5.804478243776634017e-01
6.018324746058703045e-01
6.321131805462374409e-01
6.508734213902419574e-01
6.418408606899633773e-01
6.263369887352028265e-01
6.210654002891436987e-01
6.338623285176842037e-01
6.483749656327196798e-01
6.499957182066404826e-01
6.763689251844007266e-01
7.164497488141197135e-01
7.886616831200700117e-01
8.681748171687858617e-01
9.112536942332777334e-01
9.623526898638119498e-01
9.799511144944711427e-01
9.493276146411107064e-01
9.389184309728128008e-01
1.012601157919342354e+00
1.046035783575050893e+00
1.042528408706510534e+00
1.019009258041374100e+00
1.014132008778814598e+00
9.927309103754068387e-01
9.011270193652400895e-01
8.704980177831794785e-01
8.041422558167682366e-01
7.438807908176175987e-01
7.758146715183363851e-01
8.084232357016289949e-01
8.296096961584052965e-01
8.482508243942997739e-01
8.982556363993340343e-01
9.468255982162726569e-01
9.103715234355079788e-01
8.626639547762093851e-01
8.363399805092328609e-01
8.272058721626152078e-01
8.669244094890388164e-01
9.062484570820615870e-01
9.038156502721058638e-01
9.850451561723138072e-01
1.155661752589322466e+00
1.204815201891317855e+00
1.279084368727937404e+00
1.323008359527828359e+00
1.333916907724187917e+00
1.335123904077758938e+00
1.413770633267484200e+00
1.565754760138569512e+00
1.598363949370116055e+00
1.546111808929717668e+00
1.418771505350233886e+00
1.429667283706852920e+00
1.387191504943698472e+00
1.499101302350563714e+00
1.699599962792762931e+00
1.597559180436948223e+00
1.641640521201920278e+00
1.338308989906234370e+00
1.029301579524232402e+00
1.147441438426936022e+00
1.399364028959976913e+00
1.335570983696239278e+00
9.500656133044564911e-01
6.148609876790427364e-01
5.483109662869621870e-01
4.961840999861691359e-01
5.465034213876434066e-01
4.800620540364743949e-01
4.156741230038806245e-01
4.328767935718954019e-01
4.091380791691976437e-01
4.569431522156920389e-01
4.480021397655786775e-01
4.532015662631918573e-01
4.058626195017864813e-01
4.171235253711907953e-01
4.141508910830679069e-01
4.384237475722569388e-01
3.271085010872906707e-01
3.811567707573983999e-01
3.869784716126583590e-01
4.270117371723940458e-01
4.738428854117002764e-01
4.923799792875496184e-01
4.836455601880959021e-01
4.656157343451371444e-01
4.372417234151613208e-01
5.501139685969274051e-01
5.467008519232408048e-01
5.724300387179028782e-01
6.356371186784696148e-01
5.277586983631263884e-01
4.703814292909913042e-01
3.906675856453538653e-01
4.113183327756003704e-01
4.063510906365497277e-01
4.295295091266462806e-01
4.379649986386295879e-01
4.630371484633566959e-01
4.593760059889228087e-01
4.351951725396532855e-01
4.331132107839870682e-01
4.446407953051222384e-01
4.172450078057552969e-01
4.198773257764801259e-01
3.669508357182950653e-01
3.269379757508837914e-01
3.870305046170273711e-01
3.952851752667165264e-01
4.279988578284621425e-01
3.930212213997530402e-01
2.871302174138077312e-01
2.956131454745366538e-01
3.579070318007775420e-01
3.621454878382787679e-01
3.405984898439620712e-01
3.761924593363843439e-01
3.203466402763800458e-01
3.299007174248896335e-01
3.172974328436854452e-01
2.613628559732703027e-01
3.203446467325605784e-01
3.139705756625774669e-01
3.110253749319137340e-01
2.433681389216228452e-01
3.141910617466299738e-01
2.704323186313876692e-01
3.336136669704351521e-01
3.166668157644551007e-01
2.964452457843594901e-01
2.694136879184407252e-01
3.509292001230148172e-01
3.545480857673057873e-01
3.575508487660667978e-01
3.075149297072549692e-01
3.088769061570825758e-01
3.496998906846326416e-01
3.343248685287677491e-01
3.456087767450438109e-01
3.614432962409828143e-01
3.236615949020243965e-01
3.304744172609394015e-01
3.546642135191971912e-01
3.946315894048732509e-01
3.413749487148344253e-01
3.281698932479085729e-01
3.593688601797244697e-01
3.770022976674378690e-01
3.736418584870797033e-01
2.973787282536741183e-01
2.783920018070838442e-01
2.700952588144974742e-01
3.204528070760366276e-01
2.501403815394117602e-01
2.739346045588817447e-01
2.654094145868676202e-01
2.802640193259343104e-01
2.340496146481775008e-01
2.393872314866367368e-01
2.749145851407942542e-01
3.082411342318761016e-01
3.483182929153839091e-01
2.665777378356165572e-01
2.613302725109569180e-01
2.793565441384116554e-01
2.403878003194689916e-01
2.384657437591420626e-01
2.344187560494253864e-01
2.792436032135523494e-01
2.586883825208959875e-01
2.939270254034233587e-01
2.550243509865808833e-01
2.862463206293263673e-01
2.053470358950917618e-01
2.316451542370756289e-01
2.091942119138000267e-01
2.082779433028239258e-01
2.354867643944572875e-01
3.090636095287349061e-01
3.039355695545453151e-01
2.568917567705267246e-01
2.091434153823075459e-01
2.649245294574966714e-01
2.911008856537373179e-01
3.398698252785286034e-01
2.878307629697139380e-01
2.387953621853569075e-01
2.370917135146624055e-01
2.036411465257563780e-01
2.719729124980009849e-01
2.649070645200427010e-01
2.440781537407200330e-01
2.670907840144909340e-01
2.474202942489228951e-01
2.464303138160186535e-01
2.297407065172986096e-01
2.030205465196710246e-01
1.930609134056666953e-01
2.251458281818675411e-01
2.548259284252626933e-01
2.434294514366675821e-01
2.511682498291646914e-01
3.170691195121701500e-01
3.394355123446840539e-01
3.515355007092119677e-01
3.706757401397813290e-01
4.086863018756732302e-01
3.862506826926014325e-01
3.394322694070796564e-01
3.351741805185364798e-01
2.986297933322901721e-01
3.431113213394481054e-01
3.199455329960998462e-01
3.095932816036227053e-01
3.606916165589084122e-01
3.047564486726857536e-01
2.542633253012095973e-01
2.312972268292897426e-01
2.639940958745029542e-01
2.415312890636814869e-01
2.800926848308938899e-01
3.074513416729118820e-01
3.365134298413424707e-01
2.750717944332327081e-01
3.441341166195814871e-01
3.350248480185619160e-01
3.061114226844954822e-01
3.479239050747625073e-01
3.523312012816271488e-01
3.012262216803586745e-01
3.545664541849546381e-01
4.427276626619140454e-01
3.181959761684329813e-01
2.733192597194795681e-01
2.316136349098841807e-01
2.566074194196888980e-01
2.502487791062749101e-01
2.876696136112940616e-01
2.757397316485754035e-01
2.946317558206241194e-01
3.110569889333666405e-01
2.858799331366812524e-01
2.747872027119978577e-01
3.079360874962330796e-01
3.483637835791232873e-01
2.755361903628870124e-01
3.752926416597663350e-01
3.480130639648503776e-01
2.939213929192259211e-01
3.306939739595854966e-01
2.838762545641034252e-01
3.410226868323441018e-01
3.294638836381907354e-01
3.536297258409245581e-01
3.635577241673207949e-01
3.933502073376214381e-01
4.176623378848488555e-01
4.090200418752799050e-01
4.159531908256435262e-01
3.776810254111341303e-01
3.412762548394522311e-01
3.656044911320679436e-01
2.986654516701844897e-01
2.642763892678091087e-01
2.620580462037426783e-01
2.762178356331259077e-01
3.048406664892054918e-01
3.001842837027503541e-01
3.558464538186366655e-01
3.241933185237935722e-01
3.180698753724625627e-01
3.451537203723185621e-01
3.181360197480633811e-01
3.312439071109100630e-01
3.204445187578347509e-01
3.458235210485118838e-01
3.322884352715297918e-01
3.843999968007381085e-01
4.394057839041923819e-01
3.273829197127323676e-01
3.647239148797533637e-01
3.354384318247053409e-01
2.881671700245103107e-01
2.733843937654207301e-01
3.190803537785420474e-01
2.518584265347828532e-01
2.687973950445625149e-01
2.776474489477171459e-01
2.931774394692378549e-01
2.740210263110425259e-01
3.144213766002720845e-01
2.641809865420857717e-01
2.787297393710126414e-01
2.699984856943231093e-01
2.618844798250673511e-01
2.462235197029419564e-01
2.945845707923855916e-01
3.257263892166902819e-01
3.693010879189878581e-01
3.198178526143117262e-01
2.850971055627616879e-01
3.048213461021878068e-01
3.212654099996027357e-01
3.140481667911934616e-01
2.718954726324190885e-01
2.769000690337898862e-01
3.130416501703536247e-01
2.939190139631856491e-01
2.576611722164023899e-01
2.757958350231247691e-01
3.052075414537261389e-01
3.731949602538592869e-01
4.984372917941585213e-01
3.196124691656774819e-01
2.866888449918844617e-01
3.043019759043830708e-01
3.305831286851157458e-01
2.887396903384756852e-01
3.575816437565004779e-01
3.504720022065436202e-01
3.371166858723398940e-01
3.926291440107924635e-01
3.698700349462967218e-01
3.447666518939145885e-01
3.364498898703876528e-01
3.298163572560425805e-01
2.904656448229260834e-01
3.338218701137833366e-01
2.906919959972205647e-01
3.457533699594889098e-01
3.191249443351391601e-01
3.214111160439439563e-01
3.508183342268209048e-01
3.668309931512759303e-01
3.251503533423947823e-01
2.801420882616924568e-01
3.225552194871584843e-01
2.767426538594680019e-01
2.617669809428520566e-01
2.965343579541022678e-01
3.027668345125925087e-01
3.147402843081495427e-01
3.265688237892326873e-01
3.066727048473803507e-01
3.119112363367769203e-01
3.878048124141985631e-01
3.310167317283073674e-01
3.717919966338433246e-01
3.706163964700529001e-01
