0 (3, 0, -3) 0.00448773179877588 0.38151777706666834 0.052334033390147715 0.2759013871740454 0.2857590705703627
1 (3, 0, -2) 0.037017263726576204 0.43311885294868024 0.10208305360480616 0.14869343174760857 0.2790873979723289
2 (3, 0, -1) 0.009723667517340742 0.40504174734335896 0.4878030839536359 0.0186067014944202 0.07882479969124404
3 (3, 0, 0) 0.027346823926358916 0.48443054479592385 0.2069766253574718 0.15194224653954477 0.12930375938070052
4 (3, 0, 1) 0.017192374820662406 0.4479538543213305 0.26576036906930395 0.06690785946494456 0.20218554232375854
5 (3, 0, 2) 0.0023592165125203425 0.5701718221974591 0.05695635583656551 0.059240348442929996 0.311272257010525
6 (3, 0, 3) 0.05448694370262605 0.11367334464452904 0.10248195656089032 0.04623713545565154 0.6831206196363031
7 (3, 1, -3) 0.2 0.2 0.2 0.2 0.2
8 (3, 1, -2) 0.2 0.2 0.2 0.2 0.2
9 (3, 1, -1) 0.013979965460617718 0.06415787614369933 0.2088371301440367 0.5662040266906029 0.14682100156104344
10 (3, 1, 0) 0.2 0.2 0.2 0.2 0.2
11 (3, 1, 1) 0.0016199119857757671 0.9821705103675561 0.0002789340344412943 0.0005005199476425098 0.015430123664584525
12 (3, 1, 2) 0.2 0.2 0.2 0.2 0.2
13 (3, 1, 3) 0.2 0.2 0.2 0.2 0.2
14 (3, 2, -3) 0.2 0.2 0.2 0.2 0.2
15 (3, 2, -2) 0.2 0.2 0.2 0.2 0.2
16 (3, 2, -1) 0.02161350539376272 0.28587541997934096 0.647574001584606 0.0014079102469316642 0.04352916279535863
17 (3, 2, 0) 0.2 0.2 0.2 0.2 0.2
18 (3, 2, 1) 0.00044742655305337914 0.9982461889431214 0.000867526040352815 0.0001627705432923686 0.0002760879201799594
19 (3, 2, 2) 0.2 0.2 0.2 0.2 0.2
20 (3, 2, 3) 0.2 0.2 0.2 0.2 0.2
21 (5, 0, -3) 0.012752764593102867 0.006190525579875986 0.0018060906749667797 0.0045436786695730634 0.9747069404824814
22 (5, 0, -2) 0.09266258267633307 0.004906257537951398 0.7827806267622206 0.06304254508555489 0.05660798793794007
23 (5, 0, -1) 0.049538825394961405 0.03828597626031601 0.049086569921160984 0.01629013383452347 0.8467984945890381
24 (5, 0, 0) 0.02887496054611928 0.20312675772873443 0.045584717428777934 0.09885815313883234 0.6235554111575361
25 (5, 0, 1) 0.1939853202908115 0.5076356380106961 0.020756699503290645 0.014369536270223691 0.26325280592497796
26 (5, 0, 2) 0.08318373745613598 0.05171123222578476 0.003542663990102409 0.0714699535890933 0.7900924127388835
27 (5, 0, 3) 0.010130836661688033 0.05685661990060647 0.10809920239950561 0.16510726329084496 0.6598060777473549
28 (5, 1, -3) 0.2 0.2 0.2 0.2 0.2
29 (5, 1, -2) 0.2973349156014223 0.012095853442317634 0.061592526656509654 0.4257754366070048 0.20320126769274574
30 (5, 1, -1) 0.2 0.2 0.2 0.2 0.2
31 (5, 1, 0) 0.2 0.2 0.2 0.2 0.2
32 (5, 1, 1) 0.2 0.2 0.2 0.2 0.2
33 (5, 1, 2) 0.19928324465829317 0.007753175179076624 0.008704565507525646 0.15938420610956247 0.6248748085455422
34 (5, 1, 3) 0.2 0.2 0.2 0.2 0.2
35 (5, 2, -3) 0.2 0.2 0.2 0.2 0.2
36 (5, 2, -2) 0.3318991577812416 0.13765914537309837 0.06300547959515837 0.030452267273235807 0.4369839499772659
37 (5, 2, -1) 0.2 0.2 0.2 0.2 0.2
38 (5, 2, 0) 0.2 0.2 0.2 0.2 0.2
39 (5, 2, 1) 0.2 0.2 0.2 0.2 0.2
40 (5, 2, 2) 0.04346564049113314 0.3676135992040014 0.014250331357254321 0.0036208909696352756 0.5710495379779759
41 (5, 2, 3) 0.2 0.2 0.2 0.2 0.2
42 (7, 0, -3) 0.15971351715478496 0.7524261052744541 0.004506367434448352 0.06934644814145938 0.014007561994853236
43 (7, 0, -2) 0.10331948174002817 0.3872511131801352 0.003972485863798526 0.032172208657765 0.47328471055827315
44 (7, 0, -1) 0.009997324730015394 0.937544476545197 0.0239747843099483 0.01850598005314774 0.009977434361691488
45 (7, 0, 0) 0.0848587031627189 0.653254859211168 0.0002770899133331083 0.0965675086308661 0.1650418390819139
46 (7, 0, 1) 0.003008240126158736 0.9832713532706134 0.0009534485490376528 0.000818743729690122 0.011948214324500012
47 (7, 0, 2) 0.053519604487675586 0.863746725480937 0.014958528167060914 0.009249348750528952 0.05852579311379749
48 (7, 0, 3) 0.056411364757682936 0.18927359153202908 0.11433759829335266 0.1208141539757512 0.5191632914411841
49 (7, 1, -3) 0.008825281662294559 0.8986065458100602 0.03483493141024025 0.0013282575632759112 0.05640498355412914
50 (7, 1, -2) 0.2 0.2 0.2 0.2 0.2
51 (7, 1, -1) 0.2 0.2 0.2 0.2 0.2
52 (7, 1, 0) 0.2 0.2 0.2 0.2 0.2
53 (7, 1, 1) 0.2 0.2 0.2 0.2 0.2
54 (7, 1, 2) 0.2 0.2 0.2 0.2 0.2
55 (7, 1, 3) 0.679450578030384 0.22829422971542415 0.0003057466211558071 0.08025427224357053 0.011695173389465602
56 (7, 2, -3) 0.05959592690128742 0.6226227809839086 0.11881586977487009 0.04579347857824067 0.15317194376169316
57 (7, 2, -2) 0.2 0.2 0.2 0.2 0.2
58 (7, 2, -1) 0.2 0.2 0.2 0.2 0.2
59 (7, 2, 0) 0.2 0.2 0.2 0.2 0.2
60 (7, 2, 1) 0.2 0.2 0.2 0.2 0.2
61 (7, 2, 2) 0.2 0.2 0.2 0.2 0.2
62 (7, 2, 3) 0.26397284758521006 0.6044929976604813 0.051096861441403595 0.04649936218824755 0.03393793112465768
63 (0, 0, 0) 0.1874226110559748 0.8032338454520089 0.009343543490169916 9.23201579902731e-13 9.23201579902731e-13
