8.215418479348344 10.436823499673762 9.443568222682773 10.274766530459102 10.292319298546262
9.414725922671908 10.644539815914984 9.921927093651023 10.109977067818638 10.424796220730677
9.090926653851858 10.955640292726427 11.048601125864272 9.415406127512911 10.137259054021676
11.19649816983135 12.63368500560259 12.20850090522794 12.053948218106308 11.97328015238509
9.62481668800747 11.254928819117819 10.993881224734265 10.304241927949093 10.857176608521092
8.278813628667123 11.022617718746089 9.870791483552614 9.890450275452451 10.719982816663203
8.883203904693081 9.250887819467367 9.199066725518572 8.801114987231681 10.147559074086825
0.0 0.0 0.0 0.0 0.0
0.0 0.0 0.0 0.0 0.0
9.517024884853601 10.27888568202235 10.868989585046187 11.36768949398333 10.692819335942843
0.0 0.0 0.0 0.0 0.0
8.142170161863755 11.345866717410432 7.262594272458397 7.554930340067849 9.269145093312593
0.0 0.0 0.0 0.0 0.0
0.0 0.0 0.0 0.0 0.0
0.0 0.0 0.0 0.0 0.0
0.0 0.0 0.0 0.0 0.0
9.909950166082325 11.201069042296822 11.609907519177654 8.54434423688878 10.260006542855006
0.0 0.0 0.0 0.0 0.0
8.061777576362882 11.916898981458242 8.392844142402243 7.556192127462922 7.820381061051661
0.0 0.0 0.0 0.0 0.0
0.0 0.0 0.0 0.0 0.0
9.426653470425794 9.065289426453978 8.449361761638599 8.910647912757769 11.594847856936155
8.720670011293379 7.251443354659346 9.787613878473087 8.528092543829137 8.474262687635212
9.965021724315214 9.836185204568784 9.960436103721825 9.408923186706371 11.384374748289945
10.845118790759187 11.820546492762922 11.073417647643385 11.460474402584058 12.3813502056798
9.35550214406326 9.836492871376448 8.238045431362453 8.054166114706604 9.508168305135946
9.843404811874532 9.605716386982195 8.265318371000818 9.767517445075276 10.968953837532537
8.503645584122138 9.366119959693158 9.687378303593755 9.899151302083922 10.591826615589525
0.0 0.0 0.0 0.0 0.0
9.646615987640994 8.045617756504031 8.85945667626157 9.826142436509926 9.456284882092534
0.0 0.0 0.0 0.0 0.0
0.0 0.0 0.0 0.0 0.0
0.0 0.0 0.0 0.0 0.0
10.637358749820901 9.014046403450513 9.071919002955228 10.525654012491614 11.208770835129688
0.0 0.0 0.0 0.0 0.0
0.0 0.0 0.0 0.0 0.0
9.60553980314623 9.16551454692214 8.774735062723844 8.411204437706354 9.743072445908934
0.0 0.0 0.0 0.0 0.0
0.0 0.0 0.0 0.0 0.0
0.0 0.0 0.0 0.0 0.0
9.97474159621306 11.04227241229031 9.417146299899073 8.732116279987954 11.262494201317459
0.0 0.0 0.0 0.0 0.0
9.234227110238862 10.00918766037492 7.450281954990087 8.817093728475696 8.017334927099899
8.709542723576542 9.370166424437341 7.0803257779557915 8.12618124485984 9.470478313741193
8.884471559799376 11.154944893881177 9.321814106833568 9.19235975768125 8.883475784340618
12.01687991429698 13.037369806953095 9.154679521210845 12.08150730303977 12.34948564148337
8.466699958483682 11.361464906498913 7.892187434692969 7.816030267217546 9.156313261595306
9.257442259054475 10.648058038166262 8.62005903772945 8.379694818002468 9.302152028651015
8.395715638038874 9.000977088827254 8.748958047868154 8.77650704119367 9.50548954790619
8.234780884956418 10.546393266129334 8.92128095534291 7.2879046158470615 9.162249383342356
0.0 0.0 0.0 0.0 0.0
0.0 0.0 0.0 0.0 0.0
0.0 0.0 0.0 0.0 0.0
0.0 0.0 0.0 0.0 0.0
0.0 0.0 0.0 0.0 0.0
10.396647432227457 9.851322822281617 6.543505905438496 9.328605181814552 8.365593296115277
8.091649963715623 9.26482677184798 8.436643839124123 7.959927194069078 8.563636901049088
0.0 0.0 0.0 0.0 0.0
0.0 0.0 0.0 0.0 0.0
0.0 0.0 0.0 0.0 0.0
0.0 0.0 0.0 0.0 0.0
0.0 0.0 0.0 0.0 0.0
9.076436423876705 9.49070834312605 8.255374837671265 8.208232598035007 8.050779950527502
13.018269764008851 13.74590969757735 11.518929538901643 0.0 0.0
