0 (3, 0, -3) 0.04364531632599254 0.4319624050996514 0.13750848292698964 0.02997806970712942 0.3569057259402368
1 (3, 0, -2) 0.0010262893271595684 0.7650815982163769 0.08121978195247996 0.04695448026860609 0.10571785023537741
2 (3, 0, -1) 0.05443825748822999 0.12035413087324282 0.44444605617203176 0.12522053291830607 0.25554102254818944
3 (3, 0, 0) 0.014062674576385905 0.6715894140047536 0.11831832974883251 0.14463366981995576 0.05139591185007222
4 (3, 0, 1) 0.03810883421353865 0.08431525952619058 0.8255822606084025 0.008297325806685752 0.043696319845182637
5 (3, 0, 2) 0.004896622691157257 0.9045855454953837 0.02591801391127932 0.055605944860715364 0.008993873041464375
6 (3, 0, 3) 0.009995377531803414 0.07252722521087777 0.6043212863269971 0.27460525657025736 0.03855085436006419
7 (3, 1, -3) 0.2 0.2 0.2 0.2 0.2
8 (3, 1, -2) 0.2 0.2 0.2 0.2 0.2
9 (3, 1, -1) 0.004883808323521387 0.45074882726505316 0.15511648048726223 0.3316173434298121 0.05763354049435101
10 (3, 1, 0) 0.2 0.2 0.2 0.2 0.2
11 (3, 1, 1) 0.020990377863054237 0.9386250731090112 0.019704012768982232 0.012240550641517299 0.008439985617435003
12 (3, 1, 2) 0.2 0.2 0.2 0.2 0.2
13 (3, 1, 3) 0.2 0.2 0.2 0.2 0.2
14 (3, 2, -3) 0.2 0.2 0.2 0.2 0.2
15 (3, 2, -2) 0.2 0.2 0.2 0.2 0.2
16 (3, 2, -1) 0.011804960950502133 0.3407639781166442 0.47350905546507 0.11802637732239149 0.05589562814539227
17 (3, 2, 0) 0.2 0.2 0.2 0.2 0.2
18 (3, 2, 1) 0.02647001688726588 0.45192096906485585 0.4270534606630935 0.05802002490764183 0.036535528477142955
19 (3, 2, 2) 0.2 0.2 0.2 0.2 0.2
20 (3, 2, 3) 0.2 0.2 0.2 0.2 0.2
21 (5, 0, -3) 0.0439483087555413 0.04466427188368914 0.03830809670899914 0.017954366999631044 0.8551249556521394
22 (5, 0, -2) 0.07010093181562121 0.00018179231861478173 0.07459589488764168 0.12339299900852331 0.731728381969599
23 (5, 0, -1) 0.028093036968050406 0.3196252137337804 0.008965336602178523 0.014159880667942024 0.6291565320280486
24 (5, 0, 0) 0.0028850197720766972 0.14743784937027066 0.014109268037198357 0.012211772846472877 0.8233560899739814
25 (5, 0, 1) 0.007949843224609687 0.756503837213938 0.008303235582682028 0.11400687887439002 0.11323620510438027
26 (5, 0, 2) 0.004864585793653198 0.0162489273207334 0.06790113212656651 0.08770513948902592 0.823280215270021
27 (5, 0, 3) 0.09904735996453622 0.022778073395872046 0.002921914078787137 0.3783813024627737 0.4968713500980309
28 (5, 1, -3) 0.2 0.2 0.2 0.2 0.2
29 (5, 1, -2) 0.13402345313456618 0.033491340238606886 0.06226085961095654 0.015065799512425624 0.7551585475034448
30 (5, 1, -1) 0.2 0.2 0.2 0.2 0.2
31 (5, 1, 0) 0.2 0.2 0.2 0.2 0.2
32 (5, 1, 1) 0.2 0.2 0.2 0.2 0.2
33 (5, 1, 2) 0.004157794955032084 0.002053987625621137 0.02712503512453449 0.0018871501465070539 0.9647760321483052
34 (5, 1, 3) 0.2 0.2 0.2 0.2 0.2
35 (5, 2, -3) 0.2 0.2 0.2 0.2 0.2
36 (5, 2, -2) 0.10023606671598788 0.0434053839140673 0.0076564950044142 0.03492781269615523 0.8137742416693753
37 (5, 2, -1) 0.2 0.2 0.2 0.2 0.2
38 (5, 2, 0) 0.2 0.2 0.2 0.2 0.2
39 (5, 2, 1) 0.2 0.2 0.2 0.2 0.2
40 (5, 2, 2) 0.014040877637631462 0.9292534282435165 0.011211617305607017 0.0028975979200960796 0.04259647889314891
41 (5, 2, 3) 0.2 0.2 0.2 0.2 0.2
42 (7, 0, -3) 0.0004965752579306943 0.45746187947870365 4.001011046329465e-05 0.09819765400420262 0.4438038811486998
43 (7, 0, -2) 0.018167793180813758 0.5938177879146946 0.004071563410319069 0.3597264154497209 0.024216440044451684
44 (7, 0, -1) 0.02114944300497098 0.9657894628753725 0.0024039233629883734 0.006386068511402309 0.004271102245265966
45 (7, 0, 0) 0.020208368134577274 0.8214297103086277 0.0004324426249537014 0.08625207163016792 0.07167740730167338
46 (7, 0, 1) 0.027440745134182598 0.09543680813530939 0.07036110297055477 0.033853561105962805 0.7729077826539905
47 (7, 0, 2) 0.007075960823003344 0.18306760562376737 0.0015532755190376933 0.01510565888100884 0.7931974991531828
48 (7, 0, 3) 0.032609647511310666 0.40423072046505104 0.028284496360442758 0.4274235271130319 0.10745160855016363
49 (7, 1, -3) 0.012138027430614194 0.7435076334570992 0.009663535230776753 0.0008436093526674772 0.2338471945288423
50 (7, 1, -2) 0.2 0.2 0.2 0.2 0.2
51 (7, 1, -1) 0.2 0.2 0.2 0.2 0.2
52 (7, 1, 0) 0.2 0.2 0.2 0.2 0.2
53 (7, 1, 1) 0.2 0.2 0.2 0.2 0.2
54 (7, 1, 2) 0.2 0.2 0.2 0.2 0.2
55 (7, 1, 3) 0.010326824151374528 0.8383144863762222 0.0002332525386265114 0.14073378259725383 0.010391654336522812
56 (7, 2, -3) 0.002289307910665094 0.9711342605521267 0.0019572312933990002 0.002810368049406317 0.02180883219440297
57 (7, 2, -2) 0.2 0.2 0.2 0.2 0.2
58 (7, 2, -1) 0.2 0.2 0.2 0.2 0.2
59 (7, 2, 0) 0.2 0.2 0.2 0.2 0.2
60 (7, 2, 1) 0.2 0.2 0.2 0.2 0.2
61 (7, 2, 2) 0.2 0.2 0.2 0.2 0.2
62 (7, 2, 3) 0.06393834864961642 0.3382733375317487 0.06835928087547602 0.011818135857653221 0.5176108970855057
63 (0, 0, 0) 0.012971784585592382 0.9834044915552559 0.0036237238586399965 2.558968952814653e-13 2.558968952814653e-13
