8.144713050882968 9.290834342563453 8.71850786756005 7.956898115241942 9.195400899905845
6.948678386176841 10.255694781274752 9.134282953838788 8.86029284877946 9.266090412546639
9.945458525505737 10.342144184572067 10.995339285408948 10.36196316391792 10.718616418172928
10.028419335438562 11.961480869698228 11.093346639291248 11.193759353641353 10.676436604987959
7.831220355710134 8.228278725107783 9.369041747436816 7.068963928982676 7.899629235764824
7.83062706539531 10.440092644020815 8.663823327385717 9.045499263756227 8.134625991175334
7.2997757691468115 8.290695405254427 9.35076739325143 8.956381717391833 7.974703530570082
0.0 0.0 0.0 0.0 0.0
0.0 0.0 0.0 0.0 0.0
8.34635793953434 10.608850414863609 10.075483445548729 10.455386146771609 9.580447633934295
0.0 0.0 0.0 0.0 0.0
8.39421935822338 10.294395348517298 8.362598444791603 8.124564421924717 7.938677592618054
0.0 0.0 0.0 0.0 0.0
0.0 0.0 0.0 0.0 0.0
0.0 0.0 0.0 0.0 0.0
0.0 0.0 0.0 0.0 0.0
8.642793639979894 10.324128754329905 10.488619227139562 9.793987776710566 9.420276792958965
0.0 0.0 0.0 0.0 0.0
7.601946535761229 9.020693867324564 8.992394811656961 7.994334312646665 7.763082793699995
0.0 0.0 0.0 0.0 0.0
0.0 0.0 0.0 0.0 0.0
9.091927721611407 9.100007598117925 9.023251288551323 8.644337336583494 10.576044453077266
8.991925837179398 6.014512618884553 9.023000532562095 9.274644981738785 10.164662484980884
8.933058218824518 10.148871894529826 8.361980169677176 8.590503673785832 10.487487385518635
10.529322513993447 12.496260000712674 11.3229725818495 11.250756874249081 13.35625102743032
7.779526306293006 10.057304004914872 7.8012728361833865 9.111079595933285 9.107688176000025
8.867261094716133 9.47028375651739 10.185296662667579 10.313260559099131 11.432918620237976
9.381456169063629 8.646556299487365 7.619776563432521 10.051608321381021 10.187822679284182
0.0 0.0 0.0 0.0 0.0
9.160804975573052 8.467441024095836 8.777464057414628 8.068011192573222 10.025261433506913
0.0 0.0 0.0 0.0 0.0
0.0 0.0 0.0 0.0 0.0
0.0 0.0 0.0 0.0 0.0
9.008843780011407 8.656242886064028 9.946579895970267 8.613885258642085 11.73229933426535
0.0 0.0 0.0 0.0 0.0
0.0 0.0 0.0 0.0 0.0
9.794801121226396 9.37632882901703 8.508814239555848 9.267678804262685 10.841878577225556
0.0 0.0 0.0 0.0 0.0
0.0 0.0 0.0 0.0 0.0
0.0 0.0 0.0 0.0 0.0
9.791189336702887 11.887393632694035 9.678678133553674 9.002143928651709 10.346088680863879
0.0 0.0 0.0 0.0 0.0
6.364552642293363 9.777409536185363 5.105251209722953 9.008053919884023 9.762254135198015
8.294260377092005 10.037721425551974 7.546448694573641 9.787107059302343 8.437951038173722
9.675687851057607 11.58635399777832 8.588432134820154 9.076940477521024 8.8758170317128
11.2843617646721 13.136836558915267 9.362160563077977 12.009950410578126 11.917401172094339
7.678428625692008 8.301646313705485 8.14923444485398 7.78343624511181 9.3474940186702
8.307233258173504 9.933809395462045 7.549064607970037 8.6864163553072 10.66691776022489
7.7356856982984805 8.994374510643059 7.66453851941149 9.022269302251987 8.33190190463581
8.848389181439106 10.905907054170845 8.73439731138277 7.515184665873152 10.327551481394014
0.0 0.0 0.0 0.0 0.0
0.0 0.0 0.0 0.0 0.0
0.0 0.0 0.0 0.0 0.0
0.0 0.0 0.0 0.0 0.0
0.0 0.0 0.0 0.0 0.0
8.148782668823129 10.347106926650337 6.253593492774233 9.454845290097422 8.151911778751604
7.742258408803867 10.767365998631684 7.663899068651556 7.844791360671056 8.869291151207284
0.0 0.0 0.0 0.0 0.0
0.0 0.0 0.0 0.0 0.0
0.0 0.0 0.0 0.0 0.0
0.0 0.0 0.0 0.0 0.0
0.0 0.0 0.0 0.0 0.0
8.714042578176308 9.547010049603804 8.747471589070175 7.869900564149211 9.75969481784174
12.3245115437918 14.488633513861762 11.686874346356479 0.0 0.0
