0 (3, 0, -3) 0.03663046161132331 0.1991481346599625 0.09137230886158884 0.5650692257162087 0.10777986915091677
1 (3, 0, -2) 0.13258565798361968 0.5002600532212097 0.021643580871786767 0.15069549160878085 0.19481521631460297
2 (3, 0, -1) 0.002238243171138793 0.8534342214750552 0.03199957328999751 0.11186139528050987 0.0004665667832985996
3 (3, 0, 0) 0.020151722539977036 0.4660184423544938 0.08000579305353483 0.3824212521126196 0.05140278993937472
4 (3, 0, 1) 0.003955621905318182 0.7777786301161813 0.1997448006264857 0.013128799896844488 0.005392147455170513
5 (3, 0, 2) 0.1204629832693332 0.36001910167598355 0.37235900431663804 0.005598254016207471 0.14156065672183774
6 (3, 0, 3) 0.007490190110925531 0.015568432053713452 0.9229282229429956 0.047769840355380094 0.006243314536985267
7 (3, 1, -3) 0.2 0.2 0.2 0.2 0.2
8 (3, 1, -2) 0.2 0.2 0.2 0.2 0.2
9 (3, 1, -1) 0.06719289086580786 0.7613525325389964 0.002812412876774181 0.07653619294959153 0.09210597076883019
10 (3, 1, 0) 0.2 0.2 0.2 0.2 0.2
11 (3, 1, 1) 0.0005287087310698108 0.9966459325474338 0.0019577942476957325 0.00033283095457850234 0.0005347335192221235
12 (3, 1, 2) 0.2 0.2 0.2 0.2 0.2
13 (3, 1, 3) 0.2 0.2 0.2 0.2 0.2
14 (3, 2, -3) 0.2 0.2 0.2 0.2 0.2
15 (3, 2, -2) 0.2 0.2 0.2 0.2 0.2
16 (3, 2, -1) 0.031112024360343028 0.16026893589959335 0.17475887514162733 0.005337846553494855 0.6285223180449415
17 (3, 2, 0) 0.2 0.2 0.2 0.2 0.2
18 (3, 2, 1) 0.0011676709427348964 0.2806798056055372 0.6167117306413659 0.09884460737715144 0.0025961854332106696
19 (3, 2, 2) 0.2 0.2 0.2 0.2 0.2
20 (3, 2, 3) 0.2 0.2 0.2 0.2 0.2
21 (5, 0, -3) 0.012151132174605013 0.0878956179537952 0.0392134720800697 0.04235929849214076 0.8183804792993894
22 (5, 0, -2) 0.03628939711980951 0.012303175735575357 0.47576385305156665 0.02606343433409957 0.44958013975894895
23 (5, 0, -1) 0.4596228061240399 0.08142016860838042 0.1573171066016613 0.03565338581273271 0.26598653285318574
24 (5, 0, 0) 0.01090666318778536 0.20413801195792142 0.0052044382302785614 0.0032634440727462954 0.7764874425512684
25 (5, 0, 1) 0.0006171924281449879 0.19262228560272668 0.0003345547615412016 0.000775573161844328 0.8056503940457428
26 (5, 0, 2) 0.00029909095227623477 0.09202176229938197 0.0034149028359599146 0.00016593983229109264 0.9040983040800907
27 (5, 0, 3) 0.2498474455427152 0.24007710389825554 0.09850931293938382 0.2990062984644656 0.11255983915517988
28 (5, 1, -3) 0.2 0.2 0.2 0.2 0.2
29 (5, 1, -2) 0.08996913795399625 0.032736533882412974 0.4378350832334033 0.16120986058288825 0.2782493843472992
30 (5, 1, -1) 0.2 0.2 0.2 0.2 0.2
31 (5, 1, 0) 0.2 0.2 0.2 0.2 0.2
32 (5, 1, 1) 0.2 0.2 0.2 0.2 0.2
33 (5, 1, 2) 0.4571279866254579 0.2845814547508369 0.16955684693812903 0.030508540333579384 0.05822517135199685
34 (5, 1, 3) 0.2 0.2 0.2 0.2 0.2
35 (5, 2, -3) 0.2 0.2 0.2 0.2 0.2
36 (5, 2, -2) 0.0647590869254345 0.03349200216043166 0.04313958745498829 0.0039883995533051995 0.8546209239058404
37 (5, 2, -1) 0.2 0.2 0.2 0.2 0.2
38 (5, 2, 0) 0.2 0.2 0.2 0.2 0.2
39 (5, 2, 1) 0.2 0.2 0.2 0.2 0.2
40 (5, 2, 2) 0.0076082136400403575 0.948273320912301 0.0020651832918715065 0.0013331486773566507 0.04072013347843047
41 (5, 2, 3) 0.2 0.2 0.2 0.2 0.2
42 (7, 0, -3) 0.4094588021065452 0.14019991540014504 0.00013882923981678523 0.3729870906108927 0.0772153626426003
43 (7, 0, -2) 0.022461536396153323 0.9562691898548918 0.0002827324465294078 0.003143662483017781 0.01784287881940786
44 (7, 0, -1) 0.03362559074258468 0.020772601449441135 0.005375444197605702 0.2561379276726092 0.6840884359377594
45 (7, 0, 0) 0.019493217795401776 0.7399361412616121 0.0009380524009777517 0.22237556748062554 0.017257021061382865
46 (7, 0, 1) 0.012279261271426395 0.2140558141008627 0.17544716430284168 0.027623588508656635 0.5705941718162127
47 (7, 0, 2) 0.09362452732910723 0.09144235397755134 0.26948848319881136 0.02842035776814808 0.517024277726382
48 (7, 0, 3) 0.03932805424272544 0.035855600651133815 0.0036980975143397284 0.00312466495649147 0.9179935826353096
49 (7, 1, -3) 0.03963921704555682 0.7253396207511031 0.15842729668893313 0.06206680941634762 0.014527056098059375
50 (7, 1, -2) 0.2 0.2 0.2 0.2 0.2
51 (7, 1, -1) 0.2 0.2 0.2 0.2 0.2
52 (7, 1, 0) 0.2 0.2 0.2 0.2 0.2
53 (7, 1, 1) 0.2 0.2 0.2 0.2 0.2
54 (7, 1, 2) 0.2 0.2 0.2 0.2 0.2
55 (7, 1, 3) 0.005351592242655092 0.9732761146760364 0.00014917036648277215 0.016378283250825115 0.004844839464000606
56 (7, 2, -3) 0.031765125774538897 0.5498115161243741 0.00694854747386963 0.31129800187879303 0.10017680874842433
57 (7, 2, -2) 0.2 0.2 0.2 0.2 0.2
58 (7, 2, -1) 0.2 0.2 0.2 0.2 0.2
59 (7, 2, 0) 0.2 0.2 0.2 0.2 0.2
60 (7, 2, 1) 0.2 0.2 0.2 0.2 0.2
61 (7, 2, 2) 0.2 0.2 0.2 0.2 0.2
62 (7, 2, 3) 0.29328711534023827 0.18379386131799474 0.39630327360859613 0.08066824897526569 0.045947500757905116
63 (0, 0, 0) 0.037760800990644876 0.9602149612756141 0.0020242377334635906 1.386563734556225e-13 1.386563734556225e-13
