9.09463215663316 9.941216538814608 9.551663300303176 10.462666190792929 9.63423751650963
10.129264394021538 10.793213972900016 9.223004395549713 10.193280532498466 10.321675688399836
9.066436877465328 12.03822548274684 10.396452531704378 11.022221529077338 8.282414192320488
11.270817962779432 12.841285682087747 11.96022260009315 12.742434455103117 11.739019302464586
8.12456135975839 10.765213415941796 10.085512720111293 8.724396583922694 8.279464302791277
9.498379477704217 10.045786766355144 10.062637448360485 7.963935604381676 9.5790723685499
8.599932949517655 8.96575849880013 11.00691159319122 9.52633310265775 8.508891468509301
0.0 0.0 0.0 0.0 0.0
0.0 0.0 0.0 0.0 0.0
10.317756320314984 11.53152084452257 8.730993989644128 10.38285446439384 10.47544247986955
0.0 0.0 0.0 0.0 0.0
8.077962357110025 11.848818944955022 8.732530385783885 7.846560877034522 8.083627782392702
0.0 0.0 0.0 0.0 0.0
0.0 0.0 0.0 0.0 0.0
0.0 0.0 0.0 0.0 0.0
0.0 0.0 0.0 0.0 0.0
9.930651053286343 10.75028049014541 10.79355744710198 9.049265015616571 11.433539632073273
0.0 0.0 0.0 0.0 0.0
7.891057333367597 10.632159043466064 11.025752626291123 10.110326271832964 8.290573387890774
0.0 0.0 0.0 0.0 0.0
0.0 0.0 0.0 0.0 0.0
9.231523301784499 10.220887102923392 9.817322309147075 9.855906107502411 11.336475808554063
8.611726144213227 8.070892049561499 9.898424152140404 8.44623001442589 9.870120402327766
10.17908754897497 9.313695972723275 9.643016243559408 8.900806523793213 9.905607305327601
11.408498976851394 12.873210171955865 11.038567908492972 10.805203575675284 13.541202260101716
8.336672336332718 11.208325150616867 8.030482199063574 8.45088307000313 11.923784496714873
8.169967632199338 11.034483961919918 9.387545934257204 7.87540640781236 12.176940462981307
9.293400552666341 9.273455364774012 8.828050841437454 9.38320761491281 8.894717787696873
0.0 0.0 0.0 0.0 0.0
8.957055126237274 8.451567625467574 9.748242934875071 9.248675275322471 9.521580665069532
0.0 0.0 0.0 0.0 0.0
0.0 0.0 0.0 0.0 0.0
0.0 0.0 0.0 0.0 0.0
9.991542096253772 9.754570151793839 9.49565451666002 8.638063718957794 8.961219270627627
0.0 0.0 0.0 0.0 0.0
0.0 0.0 0.0 0.0 0.0
10.101226321173826 9.771542640922942 9.89810984548909 8.707584324485898 11.391218309883463
0.0 0.0 0.0 0.0 0.0
0.0 0.0 0.0 0.0 0.0
0.0 0.0 0.0 0.0 0.0
9.978774195438552 12.39148137947748 9.32676948436319 9.10793177796697 10.817521317624996
0.0 0.0 0.0 0.0 0.0
10.404389222795743 9.868505761946752 6.409715780562303 10.35774298106923 9.570270293955124
10.000670976740052 11.87628852669347 7.8131416767362385 9.017463058349986 9.885571041779825
9.100631125227551 8.859804862256881 8.183908028074423 10.115845461747798 10.607031022853203
11.434806843352831 13.253055486940204 9.917798810021916 12.651957392444704 11.373883082858729
7.9340993619620885 9.363261877318 9.263812449770011 8.339478511943966 9.853482592329886
8.726547367662322 8.714755552310503 9.255163998767012 8.130454026624387 9.580946087155983
9.493346872222583 9.447127705622663 8.311287066960563 8.227041347670474 11.068473015912923
8.88942995473782 10.342840469709861 9.582168371974955 9.113626163973997 8.387526900179479
0.0 0.0 0.0 0.0 0.0
0.0 0.0 0.0 0.0 0.0
0.0 0.0 0.0 0.0 0.0
0.0 0.0 0.0 0.0 0.0
0.0 0.0 0.0 0.0 0.0
8.838342247651147 11.439979090899007 7.048312068108525 9.397623314256903 8.788602236826048
8.895969594978345 10.321572848625173 8.136051408441116 10.037160417252709 9.470253443979761
0.0 0.0 0.0 0.0 0.0
0.0 0.0 0.0 0.0 0.0
0.0 0.0 0.0 0.0 0.0
0.0 0.0 0.0 0.0 0.0
0.0 0.0 0.0 0.0 0.0
10.093531914092038 9.859863296896409 10.244045771863433 9.448128417913088 9.16670561999332
13.165146965353099 14.783089777184664 11.70210778937521 0.0 0.0
