0 (3, 0, -3) 0.018698842179403822 0.9261135506181274 0.04450843076033013 0.0036890731895546057 0.006990103252584063
1 (3, 0, -2) 0.1138993019110788 0.1570729567170749 0.6313915046993475 0.06061687876096659 0.03701935791153226
2 (3, 0, -1) 0.005711666277143035 0.8764335693789704 0.0478553530473221 0.03900159612003563 0.03099781517652881
3 (3, 0, 0) 0.03298220169988277 0.7089834585480299 0.18138034855903376 0.05325703433276691 0.02339695686028654
4 (3, 0, 1) 0.07147080324759351 0.7634801898137401 0.10319188911558229 0.06057023395016746 0.001286883872916621
5 (3, 0, 2) 0.03687798161545947 0.05471604648663851 0.8973008985209253 0.008849483496971866 0.0022555898800047753
6 (3, 0, 3) 0.3328294676350823 0.45596265805082586 0.02606451324113253 0.10963595911433682 0.07550740195862252
7 (3, 1, -3) 0.2 0.2 0.2 0.2 0.2
8 (3, 1, -2) 0.2 0.2 0.2 0.2 0.2
9 (3, 1, -1) 0.5195751210524433 0.026611476909123008 0.2461512957910875 0.011874643780320389 0.19578746246702583
10 (3, 1, 0) 0.2 0.2 0.2 0.2 0.2
11 (3, 1, 1) 0.0013699851651631486 0.8211265456323938 0.15566009886145005 0.012375230028034097 0.009468140312958808
12 (3, 1, 2) 0.2 0.2 0.2 0.2 0.2
13 (3, 1, 3) 0.2 0.2 0.2 0.2 0.2
14 (3, 2, -3) 0.2 0.2 0.2 0.2 0.2
15 (3, 2, -2) 0.2 0.2 0.2 0.2 0.2
16 (3, 2, -1) 0.11772947165425848 0.8473954547919857 0.012028423535438176 0.01274647042277761 0.010100179595539974
17 (3, 2, 0) 0.2 0.2 0.2 0.2 0.2
18 (3, 2, 1) 0.08652560531792917 0.2205281232259826 0.6401611681854642 0.028859224857248376 0.02392587841337571
19 (3, 2, 2) 0.2 0.2 0.2 0.2 0.2
20 (3, 2, 3) 0.2 0.2 0.2 0.2 0.2
21 (5, 0, -3) 0.0006240269393792987 0.3714051178227607 0.040416459516290366 0.001466362834319301 0.5860880328872503
22 (5, 0, -2) 0.017353526314864656 0.00039262879484666034 0.04689093444659247 0.05215027818576869 0.8832126322579275
23 (5, 0, -1) 0.00444852550775224 0.012928390433524693 0.05860243283810051 0.06640477840747046 0.8576158728131522
24 (5, 0, 0) 0.001100672212420627 0.7599420904565425 0.018378803205919354 0.004837922145894513 0.21574051197922303
25 (5, 0, 1) 0.002668918740132492 0.9600329791709887 0.0006498479211019183 0.0049564954664658946 0.031691758701310885
26 (5, 0, 2) 0.0004257483283695252 0.03770661212850585 0.0696862476562087 0.01850041552848063 0.8736809763584352
27 (5, 0, 3) 0.011240764355217642 0.05337036834032652 0.0027307626353154407 0.005116003007019677 0.9275421016621207
28 (5, 1, -3) 0.2 0.2 0.2 0.2 0.2
29 (5, 1, -2) 0.008946927611612983 0.004451131972770498 0.006992363188791461 0.10704065022234037 0.8725689270044847
30 (5, 1, -1) 0.2 0.2 0.2 0.2 0.2
31 (5, 1, 0) 0.2 0.2 0.2 0.2 0.2
32 (5, 1, 1) 0.2 0.2 0.2 0.2 0.2
33 (5, 1, 2) 0.0017767790115351945 0.006699048400515747 0.8967240413072776 0.005435916427923302 0.08936421485274824
34 (5, 1, 3) 0.2 0.2 0.2 0.2 0.2
35 (5, 2, -3) 0.2 0.2 0.2 0.2 0.2
36 (5, 2, -2) 0.0820603161316982 0.18723596513263066 0.09351997202011844 0.19062255338747 0.44656119332808264
37 (5, 2, -1) 0.2 0.2 0.2 0.2 0.2
38 (5, 2, 0) 0.2 0.2 0.2 0.2 0.2
39 (5, 2, 1) 0.2 0.2 0.2 0.2 0.2
40 (5, 2, 2) 0.00948114330509949 0.16479220372696685 0.029842070221675676 0.03671516574511709 0.7591694170011409
41 (5, 2, 3) 0.2 0.2 0.2 0.2 0.2
42 (7, 0, -3) 0.07149348374088889 0.7626231992600714 0.0016560242279764221 0.15051952921667416 0.013707763554389157
43 (7, 0, -2) 0.01879012671455571 0.9213045938432469 0.0005134996151515317 0.027744833054260468 0.031646946772785366
44 (7, 0, -1) 0.013984680203220587 0.9117561701335214 0.026266223780677063 0.02074252537073959 0.027250400511841404
45 (7, 0, 0) 0.004014235423617875 0.9151013983802262 0.00017719061439105987 0.06272649166948356 0.01798068391228126
46 (7, 0, 1) 0.0007843095859580047 0.09243137202693115 0.00343460032980554 0.005710960997690955 0.8976387570596144
47 (7, 0, 2) 0.0008445941375170933 0.9984720075816844 0.00018458611655608587 8.544418497353629e-05 0.0004133679792689447
48 (7, 0, 3) 0.00027320182988314564 0.9557724435352747 0.016757323381700467 0.002829673205044024 0.024367358048097712
49 (7, 1, -3) 0.14428806434138838 0.211438034724264 0.433236750019614 0.12151232027899633 0.08952483063573718
50 (7, 1, -2) 0.2 0.2 0.2 0.2 0.2
51 (7, 1, -1) 0.2 0.2 0.2 0.2 0.2
52 (7, 1, 0) 0.2 0.2 0.2 0.2 0.2
53 (7, 1, 1) 0.2 0.2 0.2 0.2 0.2
54 (7, 1, 2) 0.2 0.2 0.2 0.2 0.2
55 (7, 1, 3) 0.010000595432025161 0.9111193854486687 0.00016914671465350102 0.07564413581530487 0.003066736589347892
56 (7, 2, -3) 0.20453989240868212 0.44097373202105605 0.33572053396039886 0.014417376943762383 0.004348464666100571
57 (7, 2, -2) 0.2 0.2 0.2 0.2 0.2
58 (7, 2, -1) 0.2 0.2 0.2 0.2 0.2
59 (7, 2, 0) 0.2 0.2 0.2 0.2 0.2
60 (7, 2, 1) 0.2 0.2 0.2 0.2 0.2
61 (7, 2, 2) 0.2 0.2 0.2 0.2 0.2
62 (7, 2, 3) 0.009866566240180216 0.3955707603342884 0.10979254624828015 0.012362420466651789 0.47240770671059945
63 (0, 0, 0) 0.005599231818227362 0.9906263813865281 0.0037743867949092246 1.6760095206811287e-13 1.6760095206811287e-13
