7.93586632601236 9.887133948803442 8.369474836068527 7.12432315199149 7.443883186614402
8.867706484327513 9.028404308530815 9.724012174256247 8.552335804443192 8.305769594905941
8.844138934615973 11.360813990738855 9.906975026915296 9.804684821109166 9.689841897298166
10.159686029723764 11.69361809074323 11.01200009281493 10.399266940958611 9.988004975553586
7.9275952383981725 9.111894317229037 8.111245856398721 7.844852520070614 5.919062575194411
8.770922730285157 8.968193906318092 10.366811023737448 8.057294943601676 7.37382115907128
8.905406025501449 9.062796358660448 7.631878272318462 8.35017360810542 8.16370624601781
0.0 0.0 0.0 0.0 0.0
0.0 0.0 0.0 0.0 0.0
10.47755162132464 8.991717212721971 10.104019105192245 8.58824859599233 9.989560767831373
0.0 0.0 0.0 0.0 0.0
6.532264830479358 9.730203491535661 8.898702263083939 7.63271332296567 7.498831130385722
0.0 0.0 0.0 0.0 0.0
0.0 0.0 0.0 0.0 0.0
0.0 0.0 0.0 0.0 0.0
0.0 0.0 0.0 0.0 0.0
10.992029333100454 11.97891838068184 9.85147088192979 9.880461845294889 9.764111246160773
0.0 0.0 0.0 0.0 0.0
7.899264222996482 8.367056645175893 8.89990401528183 7.350258877442321 7.25652435629023
0.0 0.0 0.0 0.0 0.0
0.0 0.0 0.0 0.0 0.0
8.913517362397117 12.10794494644693 10.998916790011418 9.3406907683169 12.336033234660388
8.333736139963 6.439392946261105 8.830750454878844 8.883903032071299 10.298621263310027
8.049762498696499 8.58318900231524 9.338864257212263 9.40136066027791 10.68055430062545
10.380743215837148 13.649403784962931 11.78838166859564 11.121025328083006 13.019820844195754
7.456864535295058 10.39951164180819 6.750519367719403 7.76637728913372 8.694056157823972
8.394375633414334 10.636246809847202 10.943330571617722 10.28022567271304 12.20768672300401
8.48292025831916 9.261774681654963 7.775437297565979 8.089333571417894 10.68941592871532
0.0 0.0 0.0 0.0 0.0
8.85787060767016 8.508794732670546 8.734624803044392 10.098819848271214 11.147936337997946
0.0 0.0 0.0 0.0 0.0
0.0 0.0 0.0 0.0 0.0
0.0 0.0 0.0 0.0 0.0
8.650765419356459 9.314347072114453 11.76273841308085 9.20987839002264 10.609724489224648
0.0 0.0 0.0 0.0 0.0
0.0 0.0 0.0 0.0 0.0
9.0362995000472 9.448757063833778 9.101659739309863 9.45771988661633 9.88336045134733
0.0 0.0 0.0 0.0 0.0
0.0 0.0 0.0 0.0 0.0
0.0 0.0 0.0 0.0 0.0
8.70108168156083 10.128771880598569 9.274388801326928 9.378024178793398 10.892541707807897
0.0 0.0 0.0 0.0 0.0
7.988478948678972 9.172057828266205 6.105885637289409 8.360722213154903 7.162656971717185
8.844567753041762 10.790797325661194 7.044648974941289 9.039426787785382 9.105222812210133
9.131007756075347 11.21971282495204 9.44616844989883 9.328119505784858 9.46456063578466
10.859946151495553 13.574540140373562 9.299758097652623 12.234414638389532 11.609671734710071
6.977814738505658 9.362523689331269 7.7162407500656185 7.970484121933818 10.499174322958897
8.763267783740316 12.300830381557615 8.002897738562732 7.617771360792195 8.406008776685193
6.402548898153036 10.482581052297636 8.460738814594931 7.571401739695088 8.647943350702148
8.051571026002119 8.242631139687246 8.601307324605626 7.965672981477677 7.812923163957663
0.0 0.0 0.0 0.0 0.0
0.0 0.0 0.0 0.0 0.0
0.0 0.0 0.0 0.0 0.0
0.0 0.0 0.0 0.0 0.0
0.0 0.0 0.0 0.0 0.0
8.154344888240944 10.410359539761421 6.114528167716432 9.166042530987568 7.563329569029607
8.717976420912215 9.102087560778715 8.965734441084678 7.391812011867158 6.792506322469994
0.0 0.0 0.0 0.0 0.0
0.0 0.0 0.0 0.0 0.0
0.0 0.0 0.0 0.0 0.0
0.0 0.0 0.0 0.0 0.0
0.0 0.0 0.0 0.0 0.0
7.786273960879787 9.631862856164018 8.990994334737271 7.899028645501034 9.720619212825515
12.116032330157267 14.703886349411814 11.918836589185581 0.0 0.0
