0 (3, 0, -3) 0.05008716572306752 0.45953543250350626 0.17213720204822514 0.30983142703341116 0.008408772691789801
1 (3, 0, -2) 0.18380816570193037 0.44810523013595505 0.1971642238401279 0.009209549494017057 0.1617128308279696
2 (3, 0, -1) 0.013710463434488607 0.4900447670132397 0.0007620228289782218 0.16831989916157722 0.3271628475617163
3 (3, 0, 0) 0.024755648301226583 0.45587800170155585 0.41411755953703744 0.05080288052775883 0.054445909932421294
4 (3, 0, 1) 0.05413491314385464 0.05920180580308738 0.8132418411711514 0.06858086891331601 0.004840570968590577
5 (3, 0, 2) 0.010887106955353693 0.08895137833850827 0.8946265716769841 0.003736348620783142 0.001798594408370688
6 (3, 0, 3) 0.007541120347583789 0.006509247172984195 0.9806584602632901 0.0015445060668630454 0.0037466661492789937
7 (3, 1, -3) 0.2 0.2 0.2 0.2 0.2
8 (3, 1, -2) 0.2 0.2 0.2 0.2 0.2
9 (3, 1, -1) 0.2201463247074916 0.21222629833168447 0.050723425318265444 0.16643624759369552 0.350467704048863
10 (3, 1, 0) 0.2 0.2 0.2 0.2 0.2
11 (3, 1, 1) 0.0017994971019586676 0.00285131286864849 0.9878298450646655 0.004403108341549139 0.003116236623178169
12 (3, 1, 2) 0.2 0.2 0.2 0.2 0.2
13 (3, 1, 3) 0.2 0.2 0.2 0.2 0.2
14 (3, 2, -3) 0.2 0.2 0.2 0.2 0.2
15 (3, 2, -2) 0.2 0.2 0.2 0.2 0.2
16 (3, 2, -1) 0.0068511044972641225 0.7373783065170258 0.22396235909002168 0.01929493820907329 0.01251329168661502
17 (3, 2, 0) 0.2 0.2 0.2 0.2 0.2
18 (3, 2, 1) 0.01184646659879348 0.5499778101044737 0.03611739767293398 0.3450470263367565 0.05701129928704237
19 (3, 2, 2) 0.2 0.2 0.2 0.2 0.2
20 (3, 2, 3) 0.2 0.2 0.2 0.2 0.2
21 (5, 0, -3) 0.062329224749292714 0.3667122776467988 0.03922010286974835 0.22665960385889236 0.30507879087526774
22 (5, 0, -2) 0.051260104975458964 0.00564747813328491 0.3554688356141364 0.14924969509962915 0.43837388617749057
23 (5, 0, -1) 0.02814150812727584 0.09581733500517607 0.02614304712741906 0.05201902444086712 0.797879085299262
24 (5, 0, 0) 0.003682913113998105 0.2920064241743561 0.005290541431759743 0.0011834202668169669 0.6978367010130692
25 (5, 0, 1) 0.00014250337255385077 0.9323721515936352 0.004387516928121714 0.0009582013549808627 0.06213962675070839
26 (5, 0, 2) 0.001774533520395129 0.06775467044393435 0.05239420406311116 0.008708306837877417 0.8693682851346819
27 (5, 0, 3) 0.0029660279304793754 0.007646496430058047 0.02414095167805631 0.004063997580851064 0.9611825263805551
28 (5, 1, -3) 0.2 0.2 0.2 0.2 0.2
29 (5, 1, -2) 0.2056746258559695 0.005984264912141336 0.5691398961504617 0.0007801804186660811 0.21842103266276142
30 (5, 1, -1) 0.2 0.2 0.2 0.2 0.2
31 (5, 1, 0) 0.2 0.2 0.2 0.2 0.2
32 (5, 1, 1) 0.2 0.2 0.2 0.2 0.2
33 (5, 1, 2) 0.29707239201373725 0.11593532604055565 0.35589911931180446 0.0646073147249153 0.16648584790898757
34 (5, 1, 3) 0.2 0.2 0.2 0.2 0.2
35 (5, 2, -3) 0.2 0.2 0.2 0.2 0.2
36 (5, 2, -2) 0.021656530067143073 0.13543776599447127 0.05872633421794208 0.023632995141112455 0.760546374579331
37 (5, 2, -1) 0.2 0.2 0.2 0.2 0.2
38 (5, 2, 0) 0.2 0.2 0.2 0.2 0.2
39 (5, 2, 1) 0.2 0.2 0.2 0.2 0.2
40 (5, 2, 2) 0.00012888819158953578 0.9706712653999096 0.0023306560114975477 0.001331906902769452 0.025537283494234026
41 (5, 2, 3) 0.2 0.2 0.2 0.2 0.2
42 (7, 0, -3) 0.006139357762656135 0.3415348390757005 0.0009965019601757834 0.12276728502475441 0.5285620161767131
43 (7, 0, -2) 0.0034142381888881807 0.5962986777000642 0.003468224329559591 0.029444983706195117 0.3673738760752929
44 (7, 0, -1) 0.0050584434769146485 0.9534642541985735 0.009791065754915118 0.0005253240441980564 0.031160912525398612
45 (7, 0, 0) 0.0404171411964481 0.8835796313773066 0.0008876489735224569 0.035569022480778034 0.03954655597194507
46 (7, 0, 1) 0.04435789847837104 0.021926481365762814 0.0008352181939462672 0.0021152216667646843 0.9307651802951551
47 (7, 0, 2) 0.024286736800423956 0.44312119827438945 0.003451935953900407 0.04552085894391545 0.4836192700273707
48 (7, 0, 3) 0.0010395109901543975 0.026963067619716063 0.007308120173807733 0.00011443211100969115 0.9645748691053121
49 (7, 1, -3) 0.0009151518475308495 0.13676463226220634 0.0011584573502047702 0.007815268519346028 0.8533464900207121
50 (7, 1, -2) 0.2 0.2 0.2 0.2 0.2
51 (7, 1, -1) 0.2 0.2 0.2 0.2 0.2
52 (7, 1, 0) 0.2 0.2 0.2 0.2 0.2
53 (7, 1, 1) 0.2 0.2 0.2 0.2 0.2
54 (7, 1, 2) 0.2 0.2 0.2 0.2 0.2
55 (7, 1, 3) 0.005714822207633077 0.5537205731719966 0.0002961141751853957 0.04484151122576182 0.39542697921942305
56 (7, 2, -3) 0.1690561933738555 0.06127063638667547 0.28825686469615514 0.005034248031116752 0.4763820575121971
57 (7, 2, -2) 0.2 0.2 0.2 0.2 0.2
58 (7, 2, -1) 0.2 0.2 0.2 0.2 0.2
59 (7, 2, 0) 0.2 0.2 0.2 0.2 0.2
60 (7, 2, 1) 0.2 0.2 0.2 0.2 0.2
61 (7, 2, 2) 0.2 0.2 0.2 0.2 0.2
62 (7, 2, 3) 0.0034102868054286025 0.785197722066414 0.029250190989441642 0.005268758168649246 0.1768730419700665
63 (0, 0, 0) 0.00784638504528955 0.9913983727115205 0.0007552422430532348 6.830731426322678e-14 6.830731426322678e-14
