9.274622152940992 10.382847776811033 9.891885674479541 10.185753934806689 8.38237751637397
9.636749673559356 10.082317402304046 9.671821858049807 8.139923822638185 9.572714412049661
9.11795969465925 10.906128420918556 7.672990664599429 10.371813212057846 10.704109072682018
10.775393671053612 12.231979449264712 12.183941779344538 11.134843360608826 11.169470697735374
9.484899910467622 9.529636271732493 10.839674515769 9.603167057816496 8.277676590548777
8.932467646431038 9.982722980761702 11.136881222366819 8.397732440901951 8.03218076374568
9.184597679137118 9.111024203991215 11.618524422174781 8.391764380745924 8.834845508892142
0.0 0.0 0.0 0.0 0.0
0.0 0.0 0.0 0.0 0.0
10.404627025426135 10.386307381800407 9.670674727504213 10.264786976021863 10.637115086498806
0.0 0.0 0.0 0.0 0.0
7.82109161770321 8.051227770609266 10.975093229331321 8.268493365057148 8.095651030292615
0.0 0.0 0.0 0.0 0.0
0.0 0.0 0.0 0.0 0.0
0.0 0.0 0.0 0.0 0.0
0.0 0.0 0.0 0.0 0.0
9.980017641853495 12.31936323522016 11.723551700956138 10.49773409825329 10.281208409125753
0.0 0.0 0.0 0.0 0.0
7.109490278092388 9.028414421266184 7.66686279481519 8.795315813174529 7.895100195839654
0.0 0.0 0.0 0.0 0.0
0.0 0.0 0.0 0.0 0.0
9.11890820570096 10.004981777232524 8.887287721077792 9.764417674035636 9.912978036242556
8.231064133541107 7.12821229783528 9.199326540057147 8.765418103816703 9.304143832952514
9.353237819668173 9.965836806961683 9.316406633147555 9.660419750835686 11.02559352957708
11.31926074986235 13.50579662812908 11.500369022158338 10.751613115335662 13.941401288161304
7.155690198443631 11.548751024333027 8.869266728221044 8.108536334475945 10.194576953378222
8.9297691528149 10.750947058239325 10.622398349189858 9.725139050862428 12.026883780758098
8.769236782183324 9.242748731872007 9.817579770993133 8.92670850941187 11.65970711427231
0.0 0.0 0.0 0.0 0.0
9.205534499480422 7.436953537389993 9.714449916049684 6.4182717424735785 9.235599053822702
0.0 0.0 0.0 0.0 0.0
0.0 0.0 0.0 0.0 0.0
0.0 0.0 0.0 0.0 0.0
9.55726748089385 9.08679580501253 9.647603213253264 8.794443371973015 9.267734708398084
0.0 0.0 0.0 0.0 0.0
0.0 0.0 0.0 0.0 0.0
9.627987105626726 10.544589712906467 10.126777716300534 9.671655508677059 11.407352135729646
0.0 0.0 0.0 0.0 0.0
0.0 0.0 0.0 0.0 0.0
0.0 0.0 0.0 0.0 0.0
8.643287211212467 13.106686131540949 10.090767091343748 9.810998040799278 11.287761943445945
0.0 0.0 0.0 0.0 0.0
8.037065748792749 10.046430525705917 7.127953593771253 9.534850965719999 10.26478575099922
9.136934212880215 11.7183278570832 9.144778388972373 10.214218799289986 11.476147050471472
9.416260948958783 12.035782505247349 9.746466693700524 8.283861547722983 10.325313790463287
11.647328077074906 13.18969179577369 9.738111628948621 11.583438638072607 11.636440391096393
9.336732889803883 8.98443504680723 7.3505563571719925 7.815167303241415 10.858591007430169
9.679807589043978 11.13176405266474 8.704310003575126 9.99392772333322 11.175491376208404
8.906017883369483 10.533876714812552 9.88113572423242 7.802755908580643 12.322486410029072
8.214424705467554 10.71788806024606 8.332301967183728 9.286797003794646 11.633340175752267
0.0 0.0 0.0 0.0 0.0
0.0 0.0 0.0 0.0 0.0
0.0 0.0 0.0 0.0 0.0
0.0 0.0 0.0 0.0 0.0
0.0 0.0 0.0 0.0 0.0
8.836195682179426 11.122994178160074 7.356159002658786 9.866231238816896 10.954647159252575
10.208758858462085 9.701293632688284 10.475569263020635 8.451775359388309 10.726753363108509
0.0 0.0 0.0 0.0 0.0
0.0 0.0 0.0 0.0 0.0
0.0 0.0 0.0 0.0 0.0
0.0 0.0 0.0 0.0 0.0
0.0 0.0 0.0 0.0 0.0
8.493079087385425 11.212648670579712 9.567623941529265 8.710578236505654 10.467396989025374
12.733528593396544 15.15306035451427 11.563143767689546 0.0 0.0
