0 (3, 0, -3) 0.09308793776725387 0.5448745637508372 0.2589194650319597 0.03527522252123267 0.06784281092871665
1 (3, 0, -2) 0.0021021040288385423 0.9239365215057863 0.04120441143998455 0.0049334707228670185 0.02782349230252359
2 (3, 0, -1) 0.028822778798074836 0.7973294099308886 0.057236004726990516 0.03172542897403265 0.08488637757001329
3 (3, 0, 0) 0.0818439163324648 0.6297040635961768 0.23474575538820394 0.02997434414167254 0.023731920541481974
4 (3, 0, 1) 0.025740831609349642 0.8355564710480617 0.05397344900897753 0.07743550049556736 0.007293747838043701
5 (3, 0, 2) 0.0434339081434638 0.8812624160130422 0.029145196142791218 0.03303522173044943 0.013123257970253198
6 (3, 0, 3) 0.1334299223861075 0.29198411600309615 0.06742182838347144 0.10971942906191066 0.39744470416541433
7 (3, 1, -3) 0.2 0.2 0.2 0.2 0.2
8 (3, 1, -2) 0.2 0.2 0.2 0.2 0.2
9 (3, 1, -1) 0.015636298447101862 0.18253874365954662 0.06371555901129368 0.1769457174836481 0.5611636813984098
10 (3, 1, 0) 0.2 0.2 0.2 0.2 0.2
11 (3, 1, 1) 0.05011366937242953 0.6068673958139067 0.05029370219125176 0.10168342240440274 0.19104181021800923
12 (3, 1, 2) 0.2 0.2 0.2 0.2 0.2
13 (3, 1, 3) 0.2 0.2 0.2 0.2 0.2
14 (3, 2, -3) 0.2 0.2 0.2 0.2 0.2
15 (3, 2, -2) 0.2 0.2 0.2 0.2 0.2
16 (3, 2, -1) 0.017625736008381767 0.6848333282905895 0.005414394825804543 0.2771522646597601 0.014974276215463947
17 (3, 2, 0) 0.2 0.2 0.2 0.2 0.2
18 (3, 2, 1) 0.05927088402711621 0.19834437923311038 0.23870036978601708 0.4457312552641199 0.0579531116896364
19 (3, 2, 2) 0.2 0.2 0.2 0.2 0.2
20 (3, 2, 3) 0.2 0.2 0.2 0.2 0.2
21 (5, 0, -3) 0.0058305806619361866 0.14117921650712356 0.5557887533680329 0.08819697736804727 0.20900447209486017
22 (5, 0, -2) 0.5709616393098793 0.00719574260142974 0.019234014938471565 0.0646510538748499 0.33795754927536953
23 (5, 0, -1) 0.03024252155011615 0.10392640338177096 0.27591266264477005 0.016523409676466823 0.5733950027468759
24 (5, 0, 0) 0.02396770277629247 0.34121297524825417 0.1071510275525472 0.07720616892511481 0.4504621254977914
25 (5, 0, 1) 0.06906656073086576 0.3846839369782975 0.009192023779108037 0.006987867215887262 0.5300696112958414
26 (5, 0, 2) 0.011553214830147684 0.06507056666416242 0.4940145574045182 0.0028715343313841543 0.4264901267697875
27 (5, 0, 3) 0.020263164522561338 0.35803072117887325 0.07625649341783362 0.017273204690120402 0.5281764161906115
28 (5, 1, -3) 0.2 0.2 0.2 0.2 0.2
29 (5, 1, -2) 0.10710405303476372 0.0029519710347273927 0.3833408009968806 0.05696405714817675 0.44963911778545157
30 (5, 1, -1) 0.2 0.2 0.2 0.2 0.2
31 (5, 1, 0) 0.2 0.2 0.2 0.2 0.2
32 (5, 1, 1) 0.2 0.2 0.2 0.2 0.2
33 (5, 1, 2) 0.0545292464912334 0.004733385454409618 0.9058054709543464 0.0030318311184230284 0.0319000659815876
34 (5, 1, 3) 0.2 0.2 0.2 0.2 0.2
35 (5, 2, -3) 0.2 0.2 0.2 0.2 0.2
36 (5, 2, -2) 0.11208826450722531 0.4083484616998098 0.1350295730906828 0.12723810204906152 0.21729559865322054
37 (5, 2, -1) 0.2 0.2 0.2 0.2 0.2
38 (5, 2, 0) 0.2 0.2 0.2 0.2 0.2
39 (5, 2, 1) 0.2 0.2 0.2 0.2 0.2
40 (5, 2, 2) 0.14005647556569065 0.5409717206860143 0.046309550455620685 0.2448056582463933 0.027856595046280994
41 (5, 2, 3) 0.2 0.2 0.2 0.2 0.2
42 (7, 0, -3) 0.03270007439056521 0.2050761262968154 0.0001660635199127788 0.7512351806797758 0.010822555112930841
43 (7, 0, -2) 0.0005270430178431316 0.9906043234790602 0.00013063399374820981 0.0015383583142913346 0.007199641195057029
44 (7, 0, -1) 0.13280660804281144 0.4200547156651594 0.0034797750844829736 0.006510698925262751 0.4371482022822835
45 (7, 0, 0) 0.03850306413565744 0.7824228409805793 0.0005143048762823514 0.11342770551530015 0.0651320844921807
46 (7, 0, 1) 0.023639722046087393 0.842494984867875 0.039899027152132296 0.043911839681241634 0.050054426252663514
47 (7, 0, 2) 0.005871030419835619 0.9822995465834177 0.0016459896021789927 0.0022005188543134627 0.007982914540254427
48 (7, 0, 3) 0.014028854703229737 0.6322416156187035 0.3000893869187106 0.01852131912098029 0.03511882363837585
49 (7, 1, -3) 0.08562969527500934 0.8136142655785549 0.0746687851444647 0.017253813289155335 0.008833440712815733
50 (7, 1, -2) 0.2 0.2 0.2 0.2 0.2
51 (7, 1, -1) 0.2 0.2 0.2 0.2 0.2
52 (7, 1, 0) 0.2 0.2 0.2 0.2 0.2
53 (7, 1, 1) 0.2 0.2 0.2 0.2 0.2
54 (7, 1, 2) 0.2 0.2 0.2 0.2 0.2
55 (7, 1, 3) 0.0014028335466856378 0.9487648276928077 0.00010844665505701628 0.039880726793111373 0.00984316531233825
56 (7, 2, -3) 0.025846180840914747 0.8052092225217541 0.020483970472731813 0.03725438648646481 0.11120623967813435
57 (7, 2, -2) 0.2 0.2 0.2 0.2 0.2
58 (7, 2, -1) 0.2 0.2 0.2 0.2 0.2
59 (7, 2, 0) 0.2 0.2 0.2 0.2 0.2
60 (7, 2, 1) 0.2 0.2 0.2 0.2 0.2
61 (7, 2, 2) 0.2 0.2 0.2 0.2 0.2
62 (7, 2, 3) 0.003936910873178947 0.17113694862870266 0.013175597927543489 0.0016163560764582115 0.8101341864941167
63 (0, 0, 0) 0.12910402936128051 0.8603362850286703 0.010559685607950519 1.0492937571819723e-12 1.0492937571819723e-12
