8.82964538707802 9.713150885148808 9.341131613951752 8.344463483142183 8.671469792842911
8.153741684711825 11.196593988698876 9.641544966097293 8.580293674364519 9.445212659241975
9.545039018270737 11.20508996863331 9.888047592581877 9.593015283340351 10.085112829662465
11.396305120736502 12.416523118074668 11.923149651980667 10.894069043973154 10.777308633840631
8.79663938345109 10.53664909623842 9.166846248914588 9.347322797688031 8.166108888920531
9.333314939250954 10.83837244596919 9.133839775094128 9.196481883131709 8.734887761205597
9.271212394824884 9.662773889558554 8.929908602160106 9.173387419021086 9.816952095489043
0.0 0.0 0.0 0.0 0.0
0.0 0.0 0.0 0.0 0.0
9.19197951115115 10.420663215946437 9.894396387311927 10.405103496015444 10.98218830877106
0.0 0.0 0.0 0.0 0.0
8.474986123126211 9.721994371254201 8.476779148966347 8.828771359252867 9.144085369683607
0.0 0.0 0.0 0.0 0.0
0.0 0.0 0.0 0.0 0.0
0.0 0.0 0.0 0.0 0.0
0.0 0.0 0.0 0.0 0.0
9.8145954519467 11.644503144509024 9.224445956039714 11.192198921900363 9.733082303351216
0.0 0.0 0.0 0.0 0.0
8.701442132656489 9.305385441654638 9.39798757844012 9.710241139050847 8.690200169412755
0.0 0.0 0.0 0.0 0.0
0.0 0.0 0.0 0.0 0.0
9.481243192610815 11.07469995660422 11.759879036464264 10.839471241540473 11.270862720088966
9.774724114409693 7.587807874394569 8.079403262987048 8.68556530466709 9.512523248374832
9.242302399362067 9.859519427568323 10.347720121121 8.9400670049859 10.713465352290413
10.841185811197635 12.169085629582428 11.589951863858847 11.426071889093805 12.307969208680069
9.933611229392493 10.792286912552278 8.925243949183365 8.788163580623184 10.952580055438817
9.388868711048955 10.253123002793897 11.266669334385492 8.692810090371909 11.193181450412387
9.669340139760298 11.105247196689808 10.331989084375829 9.58951601812317 11.299652973392535
0.0 0.0 0.0 0.0 0.0
9.181378182898943 7.385714320102126 9.818939979479623 8.865688019094137 9.898700423071821
0.0 0.0 0.0 0.0 0.0
0.0 0.0 0.0 0.0 0.0
0.0 0.0 0.0 0.0 0.0
9.78288762064928 8.560839369036044 11.187931310858382 8.338102408599452 9.514823064437802
0.0 0.0 0.0 0.0 0.0
0.0 0.0 0.0 0.0 0.0
9.643310134703269 10.289727257604028 9.736413723451085 9.706696891492646 9.974296132438987
0.0 0.0 0.0 0.0 0.0
0.0 0.0 0.0 0.0 0.0
0.0 0.0 0.0 0.0 0.0
9.986354617576085 10.662015251084274 9.433005855074018 10.265564080555194 9.178866620648753
0.0 0.0 0.0 0.0 0.0
8.727205224223692 9.645207176800579 6.085824090932724 10.29437592752209 8.174332744183433
8.323495912463356 12.092890057781524 7.626054561970366 8.859090374521914 9.63074806083671
10.415194662280213 10.990940153791538 8.594231495099773 8.907471070823327 11.010883801328509
11.652396386293162 13.158225129148603 9.494557950835462 12.192610312343486 11.915236111833407
7.944026872488504 9.730746509908837 8.205738625867225 8.253654645309457 8.319118124377775
8.958309543972508 11.518242614299169 8.322465357357757 8.467641052465877 9.111946252446932
8.245007928752157 10.149085611495128 9.776489992690102 8.383911026112402 8.703818435711993
8.760201631109181 9.885928755144189 8.691716633532874 7.959202155549421 7.624457866114399
0.0 0.0 0.0 0.0 0.0
0.0 0.0 0.0 0.0 0.0
0.0 0.0 0.0 0.0 0.0
0.0 0.0 0.0 0.0 0.0
0.0 0.0 0.0 0.0 0.0
8.012045697730741 11.270379099811418 6.732050178503724 9.685745205901132 8.986187289896709
9.012310727363289 10.731780377594234 8.896050629952482 9.19511415185192 9.741922550120496
0.0 0.0 0.0 0.0 0.0
0.0 0.0 0.0 0.0 0.0
0.0 0.0 0.0 0.0 0.0
0.0 0.0 0.0 0.0 0.0
0.0 0.0 0.0 0.0 0.0
8.147665638150576 10.033699504002694 8.751650689873006 7.702554591511616 10.811067399569017
12.76788350990965 13.7162359266042 11.516096008575119 0.0 0.0
