0 (3, 0, -3) 0.19950772375721085 0.6101397725239799 0.03835275773984391 0.11685129019184347 0.0351484557871219
1 (3, 0, -2) 0.018073328717479662 0.7739867124459214 0.009269760375963228 0.17569760415082356 0.02297259430981191
2 (3, 0, -1) 0.12145921068200469 0.08931741557819654 0.4486805896532159 0.30134673906141274 0.03919604502517017
3 (3, 0, 0) 0.05782741681738406 0.3837706985298061 0.33361853840805855 0.17016878733356816 0.05461455891118305
4 (3, 0, 1) 0.00025959987632425877 0.9953686499785486 0.00019079203998110256 0.003830151549707589 0.0003508065554384932
5 (3, 0, 2) 0.00029436718224797026 0.9000264094354077 0.013607940851114216 0.005972549305917986 0.0800987332253121
6 (3, 0, 3) 0.10616977963161198 0.5649489938312349 0.312415023599481 0.0019734902791937337 0.014492712658478369
7 (3, 1, -3) 0.2 0.2 0.2 0.2 0.2
8 (3, 1, -2) 0.2 0.2 0.2 0.2 0.2
9 (3, 1, -1) 0.013289274496643855 0.7858512419452618 0.02600534306486698 0.146796270832596 0.028057869660631347
10 (3, 1, 0) 0.2 0.2 0.2 0.2 0.2
11 (3, 1, 1) 0.05558326885459424 0.5722100577177308 0.23922765080472158 0.11714154114215446 0.015837481480799085
12 (3, 1, 2) 0.2 0.2 0.2 0.2 0.2
13 (3, 1, 3) 0.2 0.2 0.2 0.2 0.2
14 (3, 2, -3) 0.2 0.2 0.2 0.2 0.2
15 (3, 2, -2) 0.2 0.2 0.2 0.2 0.2
16 (3, 2, -1) 0.10443663553234034 0.32412283583122287 0.03163917312794724 0.20163153258296618 0.3381698229255234
17 (3, 2, 0) 0.2 0.2 0.2 0.2 0.2
18 (3, 2, 1) 0.0007004056636820518 0.9924927556870207 0.0054866961483463796 0.0003110305446494243 0.0010091119563015404
19 (3, 2, 2) 0.2 0.2 0.2 0.2 0.2
20 (3, 2, 3) 0.2 0.2 0.2 0.2 0.2
21 (5, 0, -3) 0.05084827481702343 0.13768668482584637 0.008477553074808984 0.0056858641794700045 0.7973016231028511
22 (5, 0, -2) 0.20641471416755963 0.0015635505733275388 0.4264308957863722 0.013363165420189733 0.3522276740525508
23 (5, 0, -1) 0.023337807805262085 0.12342917908836458 0.22212678876577796 0.09163100371168906 0.5394752206289064
24 (5, 0, 0) 0.020764049738864785 0.22179099719362821 0.011534854157008043 0.00653979208958512 0.7393703068209139
25 (5, 0, 1) 0.0026966086306094866 0.7531167471837723 0.0018524367746905546 0.00307605754104313 0.23925814986988445
26 (5, 0, 2) 0.0005494279197652159 0.030693316630293257 0.5691830132740895 0.12241452664754594 0.27715971552830615
27 (5, 0, 3) 0.03271908431173335 0.31994814674335703 0.20837173518203872 0.007174791385640575 0.43178624237723023
28 (5, 1, -3) 0.2 0.2 0.2 0.2 0.2
29 (5, 1, -2) 0.08954548702363528 0.003477919865366156 0.0027359384468944752 0.0796303199507127 0.8246103347133913
30 (5, 1, -1) 0.2 0.2 0.2 0.2 0.2
31 (5, 1, 0) 0.2 0.2 0.2 0.2 0.2
32 (5, 1, 1) 0.2 0.2 0.2 0.2 0.2
33 (5, 1, 2) 0.10059436858350916 0.025955198040556644 0.2053679167398672 0.0059711007242899215 0.662111415911777
34 (5, 1, 3) 0.2 0.2 0.2 0.2 0.2
35 (5, 2, -3) 0.2 0.2 0.2 0.2 0.2
36 (5, 2, -2) 0.017482310181911882 0.35431135835441774 0.09988610548827502 0.08371246249330024 0.4446077634820952
37 (5, 2, -1) 0.2 0.2 0.2 0.2 0.2
38 (5, 2, 0) 0.2 0.2 0.2 0.2 0.2
39 (5, 2, 1) 0.2 0.2 0.2 0.2 0.2
40 (5, 2, 2) 0.01813231562714071 0.1654815244378781 0.0020111990727634814 0.0021271136080040706 0.8122478472542136
41 (5, 2, 3) 0.2 0.2 0.2 0.2 0.2
42 (7, 0, -3) 0.09976600561327419 0.09183248102274354 0.001023342892163678 0.023458530096529838 0.7839196403752887
43 (7, 0, -2) 0.045048667277986086 0.1571998514961473 0.004877084591766844 0.0012474953009589428 0.7916269013331408
44 (7, 0, -1) 0.11723916088293711 0.7491988342049456 0.0020560777971091607 0.07190394961102833 0.05960197750397957
45 (7, 0, 0) 0.048167670649000634 0.8238187980527465 0.001397278862095886 0.016330545691950846 0.11028570674420621
46 (7, 0, 1) 0.008042929828388183 0.9669220923774353 4.8176166524674625e-05 0.0009508453798024756 0.024035956247849495
47 (7, 0, 2) 0.310312333562887 0.6855294667156773 0.0007627972262742704 0.0012020250050950318 0.0021933774900662452
48 (7, 0, 3) 0.1977073653903518 0.19540109749095663 0.01777118188315822 0.03759707454607269 0.5515232806894608
49 (7, 1, -3) 0.012532536318287636 0.9108707381520627 0.01867456736923161 0.005554728995701384 0.05236742916471662
50 (7, 1, -2) 0.2 0.2 0.2 0.2 0.2
51 (7, 1, -1) 0.2 0.2 0.2 0.2 0.2
52 (7, 1, 0) 0.2 0.2 0.2 0.2 0.2
53 (7, 1, 1) 0.2 0.2 0.2 0.2 0.2
54 (7, 1, 2) 0.2 0.2 0.2 0.2 0.2
55 (7, 1, 3) 0.02784097759300117 0.8842420092605627 0.0013962094131157701 0.06762436702333166 0.018896436709988577
56 (7, 2, -3) 0.16685795111294174 0.34315934671641235 0.015319757632029118 0.044567979804465196 0.43009496473415154
57 (7, 2, -2) 0.2 0.2 0.2 0.2 0.2
58 (7, 2, -1) 0.2 0.2 0.2 0.2 0.2
59 (7, 2, 0) 0.2 0.2 0.2 0.2 0.2
60 (7, 2, 1) 0.2 0.2 0.2 0.2 0.2
61 (7, 2, 2) 0.2 0.2 0.2 0.2 0.2
62 (7, 2, 3) 0.004612662552501776 0.6527846023955042 0.05246645221267099 0.001051521552153449 0.2890847612871694
63 (0, 0, 0) 0.15667952822402806 0.8391826176572244 0.004137854117812827 4.673661361591037e-13 4.673661361591037e-13
