10.574533701260016 11.13345125878482 9.75002044318336 10.307058276862431 9.706397568284306
8.63913805366094 10.517696756687576 8.305298168574161 9.776301583196382 8.759070380517475
10.839922308068601 10.686231308206356 11.49328868862218 11.294263841521456 10.274420986882078
11.969429012696247 12.915720128880105 12.84569663124229 12.509092916964317 11.940847758354165
8.277097485141391 12.40296095593723 8.123118750414566 9.622856556183967 8.427644204648061
7.27950311853466 11.292178857731876 9.19629355860551 8.78455373221363 10.082596823893573
10.175287439864311 11.011135411494958 10.71493394002008 8.182669531381963 9.17959066006971
0.0 0.0 0.0 0.0 0.0
0.0 0.0 0.0 0.0 0.0
9.57589861266282 11.615803729583034 9.911570981831984 10.776942828535194 9.949554547595604
0.0 0.0 0.0 0.0 0.0
10.72767228734908 11.893484248173365 11.457438975506928 11.100422647798018 10.099920857464522
0.0 0.0 0.0 0.0 0.0
0.0 0.0 0.0 0.0 0.0
0.0 0.0 0.0 0.0 0.0
0.0 0.0 0.0 0.0 0.0
9.77003270031897 10.33630371928211 9.172940440243256 10.098963403636503 10.357516537840414
0.0 0.0 0.0 0.0 0.0
8.22010259252183 11.848260245386008 9.249313528595623 7.814218309987213 8.402685735095865
0.0 0.0 0.0 0.0 0.0
0.0 0.0 0.0 0.0 0.0
10.46668061849917 10.964747873030298 9.570968448823542 9.37124908404622 11.842874048618546
9.376765812526843 6.9353017740182095 9.739547315963797 8.008073188554537 9.643961036106852
8.5754526467148 9.408249069128061 9.702039467380722 9.259300139115327 10.145713724370491
11.067993224085159 12.252249409556981 10.77406829139872 10.49033435457557 12.854281110994112
8.069170236037372 10.885282904916208 7.881423749596824 8.13499715461453 10.311944322652252
7.358327070688036 9.36978838044724 10.829866925975985 10.061472437068675 10.470062879859068
9.299496817403556 10.439597025141762 10.225179391001245 8.54080439754892 10.589482882760255
0.0 0.0 0.0 0.0 0.0
9.114675088130117 7.490518910208739 7.370538973606614 9.055999184707186 10.224757199191139
0.0 0.0 0.0 0.0 0.0
0.0 0.0 0.0 0.0 0.0
0.0 0.0 0.0 0.0 0.0
9.63952950490395 8.96216731570242 9.996382909184405 8.22744700917078 10.581698287880798
0.0 0.0 0.0 0.0 0.0
0.0 0.0 0.0 0.0 0.0
7.84815351579917 9.352646789301557 8.719574050223425 8.63125268493058 9.466154985883826
0.0 0.0 0.0 0.0 0.0
0.0 0.0 0.0 0.0 0.0
0.0 0.0 0.0 0.0 0.0
9.82050325871387 10.926085165540623 8.721020937564745 8.749038362211826 11.721558150754568
0.0 0.0 0.0 0.0 0.0
9.509738446522583 9.468307725846945 7.219862003317541 8.78594178920082 10.540477954223405
9.188173110324184 9.813060377759918 8.076575220912526 7.394870301038118 10.62134650842513
10.105097433564767 11.032491661543567 8.083389547254761 9.860655051896538 9.766833830844726
11.636178858022488 13.055810126952455 9.866098164383018 11.095353488204486 12.050371993020926
8.709660479678726 11.104322730963698 6.150818342685861 7.642061859708317 9.257039211112366
11.050960636061413 11.447266719020979 8.046789456365897 8.274174796520516 8.574892271476113
8.90583558014836 8.899968765827868 7.701230662703018 8.075904709084284 9.41878361331341
7.721556655214747 9.864593069739394 7.9209738533970535 7.3147173892994966 8.43653497979465
0.0 0.0 0.0 0.0 0.0
0.0 0.0 0.0 0.0 0.0
0.0 0.0 0.0 0.0 0.0
0.0 0.0 0.0 0.0 0.0
0.0 0.0 0.0 0.0 0.0
8.171173958209607 9.90028487909038 6.674799984681758 8.6149036719513 7.977406168653092
9.443852974699713 9.80437899902681 8.249853217451586 8.783789375329055 9.917284561801345
0.0 0.0 0.0 0.0 0.0
0.0 0.0 0.0 0.0 0.0
0.0 0.0 0.0 0.0 0.0
0.0 0.0 0.0 0.0 0.0
0.0 0.0 0.0 0.0 0.0
7.378637410912921 9.854858393850199 8.5943217656095 6.639353891937767 9.44759475405366
13.269055322841428 14.108168245922595 11.452042736198532 0.0 0.0
