0 (3, 0, -3) 0.03439787011652394 0.619263614510613 0.28294629254479453 0.02461201975517956 0.03878020307288899
1 (3, 0, -2) 0.00044964654386470576 0.5902966471352682 0.3065975900705797 0.02414904779474236 0.07850706845554496
2 (3, 0, -1) 0.08387737771383592 0.7827879230041035 0.013866876642991495 0.11303799065493614 0.006429831984133216
3 (3, 0, 0) 0.017572508028202434 0.8450569778355085 0.10014267049382919 0.01571334462981117 0.021514499012648656
4 (3, 0, 1) 0.010605783749376697 0.07210127681705387 0.8890184035741798 0.0044255562881005935 0.023848979571288984
5 (3, 0, 2) 0.1570799779456107 0.6160104546439343 0.11589881100202575 0.01666719696059109 0.0943435594478382
6 (3, 0, 3) 0.001417388304808578 0.1688028404749377 0.5640948030261121 0.0205918233153535 0.24509314487878803
7 (3, 1, -3) 0.2 0.2 0.2 0.2 0.2
8 (3, 1, -2) 0.2 0.2 0.2 0.2 0.2
9 (3, 1, -1) 0.1072616592660933 0.607066624382414 0.17043230446503632 0.06824917880565114 0.04699023308080537
10 (3, 1, 0) 0.2 0.2 0.2 0.2 0.2
11 (3, 1, 1) 0.0466605339629556 0.3306620795822087 0.1725375321550193 0.19168265520266384 0.2584571990971526
12 (3, 1, 2) 0.2 0.2 0.2 0.2 0.2
13 (3, 1, 3) 0.2 0.2 0.2 0.2 0.2
14 (3, 2, -3) 0.2 0.2 0.2 0.2 0.2
15 (3, 2, -2) 0.2 0.2 0.2 0.2 0.2
16 (3, 2, -1) 0.01135439206107383 0.8367702945818757 0.01703995114269368 0.06813840996168778 0.06669695225266893
17 (3, 2, 0) 0.2 0.2 0.2 0.2 0.2
18 (3, 2, 1) 0.037724565112979405 0.8898971216438857 0.023082774654787787 0.030816117957475807 0.01847942063087127
19 (3, 2, 2) 0.2 0.2 0.2 0.2 0.2
20 (3, 2, 3) 0.2 0.2 0.2 0.2 0.2
21 (5, 0, -3) 0.001943764221828527 0.6180483787803221 0.285993269898895 0.021317179000431136 0.07269740809852322
22 (5, 0, -2) 0.32721625129601034 0.0018743887106039067 0.14425138595010653 0.24191155191542468 0.28474642212785456
23 (5, 0, -1) 0.3794876483926105 0.3172331694232508 0.07038495668126553 0.01462605635920895 0.21826816914366426
24 (5, 0, 0) 0.0015876491048610966 0.5840450590723317 0.004862570693875968 0.00813739282079723 0.4013673283081339
25 (5, 0, 1) 0.0018101542833368488 0.9744737321393306 0.0015603932167754444 0.0012709970825511094 0.02088472327800597
26 (5, 0, 2) 0.0017101246229975075 0.19110643062267704 0.0007664421060872738 0.03300658838921118 0.773410414259027
27 (5, 0, 3) 0.00012055080628472359 0.06434880882326523 0.012288691223695974 0.011526809412265101 0.911715139734489
28 (5, 1, -3) 0.2 0.2 0.2 0.2 0.2
29 (5, 1, -2) 0.02661336409058487 0.02831009959161891 0.054806832581161896 0.37552975405559963 0.5147399496810346
30 (5, 1, -1) 0.2 0.2 0.2 0.2 0.2
31 (5, 1, 0) 0.2 0.2 0.2 0.2 0.2
32 (5, 1, 1) 0.2 0.2 0.2 0.2 0.2
33 (5, 1, 2) 0.010914734986485307 0.20396740279364842 0.0011451373909511806 0.00393811326672438 0.7800346115621908
34 (5, 1, 3) 0.2 0.2 0.2 0.2 0.2
35 (5, 2, -3) 0.2 0.2 0.2 0.2 0.2
36 (5, 2, -2) 0.005384963923474036 0.05935105445072625 0.09691520373351212 0.006710917412345192 0.8316378604799424
37 (5, 2, -1) 0.2 0.2 0.2 0.2 0.2
38 (5, 2, 0) 0.2 0.2 0.2 0.2 0.2
39 (5, 2, 1) 0.2 0.2 0.2 0.2 0.2
40 (5, 2, 2) 0.001341553003054532 0.24629940692662064 0.002234217575934688 0.007557955409938065 0.7425668670844521
41 (5, 2, 3) 0.2 0.2 0.2 0.2 0.2
42 (7, 0, -3) 0.0007632314287455404 0.6989732481507743 3.454125921388266e-05 0.12755779817917431 0.172671180982092
43 (7, 0, -2) 0.0036979602173651894 0.9772780699825196 0.00025993680035057444 0.006468943981145429 0.012295089018619055
44 (7, 0, -1) 0.08178354070472295 0.14450947698427166 0.005473827703940755 0.03260277525240651 0.7356303793546581
45 (7, 0, 0) 0.06361588751197043 0.6577038955281808 0.0006257251400778172 0.1658118643276938 0.11224262749207718
46 (7, 0, 1) 0.04081703946016179 0.02895723646289356 0.5296027871633947 0.013532815545801656 0.3870901213677482
47 (7, 0, 2) 0.0027640468960353015 0.9308731446776459 0.0032673460098591955 0.017743946480279014 0.04535151593618054
48 (7, 0, 3) 0.01647033475505988 0.3107966324472762 0.04275171639616911 0.008759904721824124 0.6212214116796707
49 (7, 1, -3) 0.017071716975915117 0.8886673421584039 0.0006734234182559397 0.010035672914283221 0.08355184453314188
50 (7, 1, -2) 0.2 0.2 0.2 0.2 0.2
51 (7, 1, -1) 0.2 0.2 0.2 0.2 0.2
52 (7, 1, 0) 0.2 0.2 0.2 0.2 0.2
53 (7, 1, 1) 0.2 0.2 0.2 0.2 0.2
54 (7, 1, 2) 0.2 0.2 0.2 0.2 0.2
55 (7, 1, 3) 0.09046752595973973 0.3436169503559749 0.0002320715061852394 0.3777183764780368 0.18796507570006327
56 (7, 2, -3) 0.0022576233894891673 0.6643049511902149 0.0021859110753334765 0.002455271388129234 0.32879624295683324
57 (7, 2, -2) 0.2 0.2 0.2 0.2 0.2
58 (7, 2, -1) 0.2 0.2 0.2 0.2 0.2
59 (7, 2, 0) 0.2 0.2 0.2 0.2 0.2
60 (7, 2, 1) 0.2 0.2 0.2 0.2 0.2
61 (7, 2, 2) 0.2 0.2 0.2 0.2 0.2
62 (7, 2, 3) 0.08093355858812666 0.19581966966298828 0.1252162555902568 0.001265534590867412 0.5967649815677609
63 (0, 0, 0) 0.014860128666063413 0.9829336904160916 0.0022061809175219125 1.6156481745238583e-13 1.6156481745238583e-13
