8.446242172528875 9.891510375711885 9.499873399225908 8.278862314677504 8.506199792074968
7.009116908005471 10.599076240619 10.271531692586777 9.000886114736538 9.590357971847645
9.51695526098884 10.63370819312139 8.61702879989673 9.666139270740677 8.232751493349436
10.316359993479596 12.252894202252355 11.186490112089766 10.26044733888981 10.417555715278766
8.012304166630027 8.970640298661237 10.226663390473442 7.575302414798709 8.417475137681055
9.292836171370364 9.976090594323637 9.140817372449968 8.171179893661268 9.037930130286863
7.295339286463614 9.68529701310187 10.288542472284785 8.633378343642768 9.871750469098721
0.0 0.0 0.0 0.0 0.0
0.0 0.0 0.0 0.0 0.0
10.223834092184413 11.09051773325134 10.455367548992298 9.997781161602305 9.81116834734371
0.0 0.0 0.0 0.0 0.0
7.66772649994591 8.646825617977592 8.32158454009047 8.374197728382331 8.523642197906597
0.0 0.0 0.0 0.0 0.0
0.0 0.0 0.0 0.0 0.0
0.0 0.0 0.0 0.0 0.0
0.0 0.0 0.0 0.0 0.0
9.116378743149737 11.266351222672272 9.31935675283743 10.012346964288602 10.001656055002467
0.0 0.0 0.0 0.0 0.0
8.547501744301925 10.127898937111423 8.301889332631227 8.446364937622388 8.190674863207715
0.0 0.0 0.0 0.0 0.0
0.0 0.0 0.0 0.0 0.0
8.794533744729803 11.675503906527211 11.290204677282773 9.99197717466732 10.605373403866865
10.045382163564941 7.464212820557161 9.635850284587331 9.894357613628248 9.975871046574353
9.867403169404255 9.777810671640701 9.024981923191605 8.23939445487826 9.590854365019318
10.503159425958517 13.45702130800931 11.062815863823092 11.320267158322777 13.26947075946054
7.956641458362034 11.100884199515976 7.882404343600536 7.779836266237306 9.179444391865761
8.780308813258866 11.138440940478157 8.379027632985578 10.260379284705074 11.837430612174384
7.544755936012761 10.684757140492207 9.856937642385098 9.824935716736636 12.010261726260067
0.0 0.0 0.0 0.0 0.0
8.653138899867699 8.684041458852821 9.014339584506203 9.97660100362727 10.13426306087473
0.0 0.0 0.0 0.0 0.0
0.0 0.0 0.0 0.0 0.0
0.0 0.0 0.0 0.0 0.0
9.234924672812031 10.698847913260039 8.10763012878786 8.725218688987018 11.369536964083862
0.0 0.0 0.0 0.0 0.0
0.0 0.0 0.0 0.0 0.0
8.751432592578698 9.951362230783939 10.196545490941421 8.861495119404166 11.271325828119693
0.0 0.0 0.0 0.0 0.0
0.0 0.0 0.0 0.0 0.0
0.0 0.0 0.0 0.0 0.0
8.991762130947027 11.598122129346676 9.246793725196524 9.856148533346717 12.149904642401022
0.0 0.0 0.0 0.0 0.0
7.2204857568891585 10.630388981576184 5.672782371504241 9.779867537092452 9.931277295592826
8.761571340525164 11.550066266861572 7.434022276466407 9.041187091730635 9.362280610946511
9.536480530045878 9.821115070338061 8.18443159269116 9.076641232899583 10.634806420613716
12.07141538304625 13.23936117327031 9.760561722816869 12.550410660751991 12.35531518420116
8.139550432660732 7.967910687113847 9.421064252324149 7.587559377156893 9.264329387469619
8.42307088954568 11.332784458767984 8.506711972095632 9.352745160495271 9.821944755041914
7.9618586125601265 9.430647569660039 8.438782850095897 7.646170692191032 9.776921957465992
8.49281463089868 10.46896455891282 6.876412574461079 8.227176091183509 9.286836738716184
0.0 0.0 0.0 0.0 0.0
0.0 0.0 0.0 0.0 0.0
0.0 0.0 0.0 0.0 0.0
0.0 0.0 0.0 0.0 0.0
0.0 0.0 0.0 0.0 0.0
9.251757423054798 9.9190257047594 6.268907075241712 9.966336385571287 9.61739003349631
7.496637686936593 10.338852009682293 7.48049771061667 7.53860000583824 9.987200474031628
0.0 0.0 0.0 0.0 0.0
0.0 0.0 0.0 0.0 0.0
0.0 0.0 0.0 0.0 0.0
0.0 0.0 0.0 0.0 0.0
0.0 0.0 0.0 0.0 0.0
8.658764320372025 9.100547134999479 8.876971187118697 6.579697360700725 9.657711728593437
12.622398202566105 14.718328184429774 11.668688818183622 0.0 0.0
