0 (3, 0, -3) 0.08356091370848694 0.3735285544188577 0.4614788027122129 0.006813413268543716 0.07461831589189875
1 (3, 0, -2) 0.006910651334071324 0.05421213538518065 0.912263759815407 0.020924011570560012 0.005689441894781039
2 (3, 0, -1) 0.0004984081595980058 0.7127442270966574 0.11222321946512233 0.003584481434526974 0.1709496638440954
3 (3, 0, 0) 0.012625374559779752 0.5941484700840698 0.23622693667105116 0.09867455961381247 0.05832465907128663
4 (3, 0, 1) 0.08064423938011357 0.3181576843519009 0.041710537555805983 0.22883060711664754 0.3306569315955319
5 (3, 0, 2) 0.02373509192656509 0.26630606824610337 0.3430682433082865 0.3542456117155501 0.012644984803495013
6 (3, 0, 3) 0.11456858876311166 0.5755503184980056 0.059273366836382235 0.1293591022674229 0.12124862363507767
7 (3, 1, -3) 0.2 0.2 0.2 0.2 0.2
8 (3, 1, -2) 0.2 0.2 0.2 0.2 0.2
9 (3, 1, -1) 0.1139655118117485 0.5181429680098153 0.23389991509305322 0.10398292218456555 0.030008682900817575
10 (3, 1, 0) 0.2 0.2 0.2 0.2 0.2
11 (3, 1, 1) 0.057459251244543 0.7663732672015159 0.048949853727947724 0.10842094470716328 0.01879668311883001
12 (3, 1, 2) 0.2 0.2 0.2 0.2 0.2
13 (3, 1, 3) 0.2 0.2 0.2 0.2 0.2
14 (3, 2, -3) 0.2 0.2 0.2 0.2 0.2
15 (3, 2, -2) 0.2 0.2 0.2 0.2 0.2
16 (3, 2, -1) 0.0761589902447889 0.05906547220133548 0.7907612719448297 0.018290353418751393 0.0557239121902947
17 (3, 2, 0) 0.2 0.2 0.2 0.2 0.2
18 (3, 2, 1) 0.17872201484908537 0.39042200822846557 0.16450826312685068 0.012481789801649728 0.25386592399394864
19 (3, 2, 2) 0.2 0.2 0.2 0.2 0.2
20 (3, 2, 3) 0.2 0.2 0.2 0.2 0.2
21 (5, 0, -3) 0.021710958886586144 0.775109592699744 0.0019833765616656097 0.009662444560111215 0.1915336272918931
22 (5, 0, -2) 0.10885739593553541 0.0012013422693091524 0.6461903317584553 0.004000647688658929 0.2397502823480413
23 (5, 0, -1) 0.15371111316578237 0.2520211304705575 0.058682794209470944 0.3620120182705358 0.17357294388365324
24 (5, 0, 0) 0.003070092020686173 0.4069223019198604 0.007083852470026033 0.014077256846300961 0.5688464967431265
25 (5, 0, 1) 0.04658230922052322 0.7069589000661484 0.15405688889931027 0.061311134006242426 0.031090767807775782
26 (5, 0, 2) 0.0008637376157497984 0.02671935030311988 0.0001934602457198087 0.0012627682096982785 0.9709606836257122
27 (5, 0, 3) 0.006155499013724497 0.8513174829335304 0.03991661076334404 0.008215303776965985 0.09439510351243512
28 (5, 1, -3) 0.2 0.2 0.2 0.2 0.2
29 (5, 1, -2) 0.1569601800989344 0.09215398678029746 0.07716868199228019 0.17513028170568656 0.4985868694228014
30 (5, 1, -1) 0.2 0.2 0.2 0.2 0.2
31 (5, 1, 0) 0.2 0.2 0.2 0.2 0.2
32 (5, 1, 1) 0.2 0.2 0.2 0.2 0.2
33 (5, 1, 2) 0.01375308743848338 0.556344844212709 0.18656767995822932 0.007364572340768185 0.23596981604981018
34 (5, 1, 3) 0.2 0.2 0.2 0.2 0.2
35 (5, 2, -3) 0.2 0.2 0.2 0.2 0.2
36 (5, 2, -2) 0.020288232737443734 0.0676618370114754 0.011253574065007267 0.004675249307061116 0.8961211068790126
37 (5, 2, -1) 0.2 0.2 0.2 0.2 0.2
38 (5, 2, 0) 0.2 0.2 0.2 0.2 0.2
39 (5, 2, 1) 0.2 0.2 0.2 0.2 0.2
40 (5, 2, 2) 0.04356451607691882 0.4941584455656316 0.06936090942092858 0.01213157167064398 0.38078455726587696
41 (5, 2, 3) 0.2 0.2 0.2 0.2 0.2
42 (7, 0, -3) 0.11440305668255842 0.4479346989358834 0.0006041659385217222 0.1345310118744551 0.3025270665685816
43 (7, 0, -2) 0.007731559048911984 0.5770083579772322 0.016724881650205248 0.1534437013801301 0.2450914999435206
44 (7, 0, -1) 0.004767863502905511 0.9690572928628431 0.0001331566255551029 0.007459091161015239 0.018582595847681144
45 (7, 0, 0) 0.028401349905947327 0.7040499551225511 0.0009007401273023397 0.2324028551874573 0.03424509965674206
46 (7, 0, 1) 0.040281478505319976 0.06400219737040773 0.09380109567975034 0.022717685827915095 0.7791975426166069
47 (7, 0, 2) 0.0008944077717445402 0.9882041468611762 0.003575202317382564 0.003435868983891805 0.0038903740658049026
48 (7, 0, 3) 0.0024065083124978205 0.7850735734205803 0.0058019097743313205 0.014915068014083923 0.1918029404785068
49 (7, 1, -3) 0.03160056758838776 0.03153332936127923 0.01710197231808456 0.036159534478322854 0.8836045962539256
50 (7, 1, -2) 0.2 0.2 0.2 0.2 0.2
51 (7, 1, -1) 0.2 0.2 0.2 0.2 0.2
52 (7, 1, 0) 0.2 0.2 0.2 0.2 0.2
53 (7, 1, 1) 0.2 0.2 0.2 0.2 0.2
54 (7, 1, 2) 0.2 0.2 0.2 0.2 0.2
55 (7, 1, 3) 0.028964912695403976 0.8498004593129309 0.0042009668332663955 0.02308112222052876 0.0939525389378699
56 (7, 2, -3) 0.010121886805576907 0.9569889427072009 0.0018172926859975796 0.002397036316174399 0.02867484148505024
57 (7, 2, -2) 0.2 0.2 0.2 0.2 0.2
58 (7, 2, -1) 0.2 0.2 0.2 0.2 0.2
59 (7, 2, 0) 0.2 0.2 0.2 0.2 0.2
60 (7, 2, 1) 0.2 0.2 0.2 0.2 0.2
61 (7, 2, 2) 0.2 0.2 0.2 0.2 0.2
62 (7, 2, 3) 0.017229452634587233 0.6940153990639472 0.15448816487988729 0.0023379429160616514 0.13192904050551668
63 (0, 0, 0) 0.014722817203427045 0.9810881471942757 0.004189035601846535 2.253481290018219e-13 2.253481290018219e-13
