9.052751489597961 9.801460780189664 9.907181614705799 7.799410158290176 8.996156553110726
8.528847359768756 9.558767805022669 10.970279992575518 9.08276410252728 8.431621492308931
7.836171346096679 11.468900630266301 10.544584275516828 8.822646223586313 10.755023890967792
10.136802245772403 12.062512543244512 11.601344393887084 11.164861503632238 10.90196041064262
8.344544438139444 9.030794312141188 8.014897648860686 8.866011762290782 9.050061439551866
8.38317296988857 9.59201879727932 9.718660351100745 9.73469090285079 8.068325996542233
9.26697418798899 10.07405068128601 8.93746739154264 9.32768348963762 9.295308941060368
0.0 0.0 0.0 0.0 0.0
0.0 0.0 0.0 0.0 0.0
10.259615992264674 11.01679365703511 10.619114710228763 10.213781392883234 9.592411439842703
0.0 0.0 0.0 0.0 0.0
9.471890834728816 10.767187495969292 9.391751013834677 9.789363467043861 8.91319303565563
0.0 0.0 0.0 0.0 0.0
0.0 0.0 0.0 0.0 0.0
0.0 0.0 0.0 0.0 0.0
0.0 0.0 0.0 0.0 0.0
10.043666072069616 9.916577769528937 11.21375256446013 9.330441398679854 9.887459185065177
0.0 0.0 0.0 0.0 0.0
9.035459107898198 9.426157416624998 8.99402370374099 7.70467868650811 9.21094643806236
0.0 0.0 0.0 0.0 0.0
0.0 0.0 0.0 0.0 0.0
9.437241916735376 11.224835555939473 8.240733704518789 9.03245667942547 10.525865037614142
9.661118999185348 7.407819378153453 10.551646679233667 8.009327768525793 10.055898579157358
9.78523666643761 10.03245565787381 9.303772475283631 10.21353789579745 9.845998158776487
10.48568129924094 12.92913866300567 10.903736478534942 11.247107784329437 13.09663284182208
8.849656571496153 10.209532417871834 9.447707123517839 8.987026881135924 8.647501612229515
8.832305236328233 10.548242373900461 8.08420673916746 9.022201508680475 12.344691345650455
8.906781326003456 11.371500975277593 9.84150468412463 9.051107775130914 10.27185301168131
0.0 0.0 0.0 0.0 0.0
8.561132022318809 8.29486642430558 8.206132801224847 8.615901032618526 9.139024868626255
0.0 0.0 0.0 0.0 0.0
0.0 0.0 0.0 0.0 0.0
0.0 0.0 0.0 0.0 0.0
8.094351328427708 9.944413821181735 9.398116692719746 7.782060149384932 9.515571607859853
0.0 0.0 0.0 0.0 0.0
0.0 0.0 0.0 0.0 0.0
9.158990847022658 9.761231478894036 8.86431320851989 8.425111566604345 11.053008105972442
0.0 0.0 0.0 0.0 0.0
0.0 0.0 0.0 0.0 0.0
0.0 0.0 0.0 0.0 0.0
9.490306582730765 10.704613201841742 9.722846820950828 8.85109074068178 10.574301973303355
0.0 0.0 0.0 0.0 0.0
9.308875919024032 9.991335750346565 6.687058827039309 9.389909392113916 9.795097394967048
8.177416570568507 10.33368968120971 8.563210070277702 9.671428172142948 9.905577110383383
9.768207981476177 12.425420698624885 7.979144226734307 9.991975619928638 10.448371548451737
11.674105852297885 13.279312170640065 9.948618269357183 12.725123669610632 11.767659253707514
8.302400787616667 8.53391360952318 8.725043169664106 8.016026767431507 9.783587200480348
8.385314648984911 11.889056044015728 9.07812227603485 9.05824632911477 9.12036404956633
7.695220622856105 10.589020909632353 8.135225758281171 8.607318179920346 9.884366437532636
8.331427893626595 8.330362883294923 8.024437251130047 8.398810683332355 9.99684518921611
0.0 0.0 0.0 0.0 0.0
0.0 0.0 0.0 0.0 0.0
0.0 0.0 0.0 0.0 0.0
0.0 0.0 0.0 0.0 0.0
0.0 0.0 0.0 0.0 0.0
8.552419085442267 10.241877274328726 7.587033838838027 8.438884022006281 9.140771365163937
8.675504560858045 10.950050434631287 7.8168284452200085 7.955271069005741 9.196164583506091
0.0 0.0 0.0 0.0 0.0
0.0 0.0 0.0 0.0 0.0
0.0 0.0 0.0 0.0 0.0
0.0 0.0 0.0 0.0 0.0
0.0 0.0 0.0 0.0 0.0
8.39600555703569 10.243942490655336 9.492754161440786 7.397331139617657 9.41382751915598
12.451386575274869 14.551018489707861 11.822922605138258 0.0 0.0
