0 (3, 0, -3) 0.017642204732155154 0.8820593592318403 0.03784561981948209 0.05446616031717786 0.007986655899344657
1 (3, 0, -2) 0.1761310574070811 0.4777115381780873 0.023995508809390862 0.06765117186910112 0.2545107237363396
2 (3, 0, -1) 0.22676758085701884 0.2241700002736586 0.37381180314812 0.14400248974393404 0.031248125977268396
3 (3, 0, 0) 0.0419950649216666 0.6694324992107732 0.074077047768471 0.07143303740310598 0.14306235069598305
4 (3, 0, 1) 0.015305303460116465 0.752021742632388 0.12815643799195445 0.016479354600748092 0.08803716131479299
5 (3, 0, 2) 0.10844012985918848 0.4619307537414366 0.012026090101268176 0.031285705823228475 0.3863173204748783
6 (3, 0, 3) 0.02193511872637453 0.38275522655823385 0.18008530870328607 0.17094729713323778 0.2442770488788678
7 (3, 1, -3) 0.2 0.2 0.2 0.2 0.2
8 (3, 1, -2) 0.2 0.2 0.2 0.2 0.2
9 (3, 1, -1) 0.03188025342556399 0.39508922072245073 0.12194810704976042 0.03456813844682726 0.4165142803553976
10 (3, 1, 0) 0.2 0.2 0.2 0.2 0.2
11 (3, 1, 1) 0.0801088157244938 0.8413703214587958 0.06695989717449125 0.0025856865733007925 0.008975279068918426
12 (3, 1, 2) 0.2 0.2 0.2 0.2 0.2
13 (3, 1, 3) 0.2 0.2 0.2 0.2 0.2
14 (3, 2, -3) 0.2 0.2 0.2 0.2 0.2
15 (3, 2, -2) 0.2 0.2 0.2 0.2 0.2
16 (3, 2, -1) 0.06296187080049992 0.4679823753404422 0.2043746001957409 0.2443874122945912 0.02029374136872581
17 (3, 2, 0) 0.2 0.2 0.2 0.2 0.2
18 (3, 2, 1) 0.01621163369281331 0.955569719014387 0.0030043252323687314 0.02240880274034431 0.002805519320086605
19 (3, 2, 2) 0.2 0.2 0.2 0.2 0.2
20 (3, 2, 3) 0.2 0.2 0.2 0.2 0.2
21 (5, 0, -3) 0.012298666026378084 0.3235820126268928 0.008633017790275173 0.3402736636584308 0.3152126398980231
22 (5, 0, -2) 0.8037656486681488 0.0008948943630035363 0.034058365206197753 0.01920120308343 0.14207988867922006
23 (5, 0, -1) 0.006441294873573472 0.02752594948382129 0.004034158557603923 0.8264497296724509 0.1355488674125503
24 (5, 0, 0) 0.027598384157007633 0.23416808822285826 0.010944791679436166 0.017867578499094715 0.7094211574416034
25 (5, 0, 1) 0.010119160722580366 0.6941238873838779 0.002554188434307138 0.012608988737143747 0.2805937747220909
26 (5, 0, 2) 0.03882568009408349 0.08776992546092574 0.04865312918587129 0.07291371467425534 0.7518375505848641
27 (5, 0, 3) 0.025001749165318377 0.12539990487251274 0.036993112646381554 0.035913867541416844 0.7766913657743705
28 (5, 1, -3) 0.2 0.2 0.2 0.2 0.2
29 (5, 1, -2) 0.6244477363736703 0.014681641226135219 0.010785668806700066 0.028669638475155617 0.32141531511833876
30 (5, 1, -1) 0.2 0.2 0.2 0.2 0.2
31 (5, 1, 0) 0.2 0.2 0.2 0.2 0.2
32 (5, 1, 1) 0.2 0.2 0.2 0.2 0.2
33 (5, 1, 2) 0.009615933683773796 0.00456582019838098 0.03650448306247399 0.04997130516734921 0.8993424578880219
34 (5, 1, 3) 0.2 0.2 0.2 0.2 0.2
35 (5, 2, -3) 0.2 0.2 0.2 0.2 0.2
36 (5, 2, -2) 0.5932508391853707 0.21367413089919687 0.14280821054336928 0.02811290188551509 0.022153917486548175
37 (5, 2, -1) 0.2 0.2 0.2 0.2 0.2
38 (5, 2, 0) 0.2 0.2 0.2 0.2 0.2
39 (5, 2, 1) 0.2 0.2 0.2 0.2 0.2
40 (5, 2, 2) 0.007827225076187501 0.36706372410505916 0.0005067041848997024 0.00199379834942153 0.6226085482844321
41 (5, 2, 3) 0.2 0.2 0.2 0.2 0.2
42 (7, 0, -3) 0.573783007066175 0.2577509824513621 0.014571806995967267 0.07567477488953107 0.07821942859696467
43 (7, 0, -2) 0.13000664457519534 0.7044543203300903 0.014266894523795388 0.12299250299676605 0.02827963757415278
44 (7, 0, -1) 0.08575158467632012 0.7116072637227249 0.015151367858869842 0.02252053167894846 0.16496925206313653
45 (7, 0, 0) 0.13917122145588712 0.6891210374357065 0.0016786274231192094 0.09183211172565273 0.0781970019596344
46 (7, 0, 1) 0.017147346363525093 0.8684879011920276 0.008371138278695397 0.028805522800981212 0.07718809136477082
47 (7, 0, 2) 0.06103508125563931 0.6982075555229611 0.06334903757051992 0.023939992107830228 0.15346833354304942
48 (7, 0, 3) 0.006097318510184732 0.7197753797806214 0.032484925133022945 0.0002375402575174581 0.24140483631865345
49 (7, 1, -3) 0.03585053957182267 0.6768541054019824 0.030942335518235345 0.009717297429286459 0.24663572207867307
50 (7, 1, -2) 0.2 0.2 0.2 0.2 0.2
51 (7, 1, -1) 0.2 0.2 0.2 0.2 0.2
52 (7, 1, 0) 0.2 0.2 0.2 0.2 0.2
53 (7, 1, 1) 0.2 0.2 0.2 0.2 0.2
54 (7, 1, 2) 0.2 0.2 0.2 0.2 0.2
55 (7, 1, 3) 0.14378496341689756 0.4590301770690151 0.0008478267033168948 0.355598196526383 0.040738836284387306
56 (7, 2, -3) 0.10218053738372107 0.4793275062444505 0.030824506370737397 0.0542947697222495 0.33337268027884154
57 (7, 2, -2) 0.2 0.2 0.2 0.2 0.2
58 (7, 2, -1) 0.2 0.2 0.2 0.2 0.2
59 (7, 2, 0) 0.2 0.2 0.2 0.2 0.2
60 (7, 2, 1) 0.2 0.2 0.2 0.2 0.2
61 (7, 2, 2) 0.2 0.2 0.2 0.2 0.2
62 (7, 2, 3) 0.3460489872260228 0.3098902134871596 0.06147407945384699 0.0007866760895158155 0.28180004374345474
63 (0, 0, 0) 0.0823775783469501 0.9133585528194622 0.0042638688325444775 5.215776135000951e-13 5.215776135000951e-13
