8.850451871636562 10.806434535073475 9.232062482079378 9.414094656450358 8.45419092605221
10.07020716843173 10.56909652414411 9.073526327235646 9.591775325786461 10.254264473084186
10.787762070877381 10.782001607736193 11.037675496146978 10.56071455549039 9.79677896366131
11.136407318899868 12.520846432823097 11.420184132945831 11.402011499670587 11.749271541184836
9.093524746128905 11.040807664574443 10.156050891014896 9.130479226840261 9.968304552775
10.160448475394544 10.885056862404875 9.060888596716724 9.538930019454487 10.795678917077307
8.472265775347868 9.901919146585493 9.52493663965241 9.498898954272898 9.677372815416728
0.0 0.0 0.0 0.0 0.0
0.0 0.0 0.0 0.0 0.0
9.911419705686566 11.1699821113828 10.582224105159005 9.951892505901421 11.196386677855225
0.0 0.0 0.0 0.0 0.0
10.006182115966869 11.182005111329344 9.916536107743594 8.28948469829204 8.911726176426933
0.0 0.0 0.0 0.0 0.0
0.0 0.0 0.0 0.0 0.0
0.0 0.0 0.0 0.0 0.0
0.0 0.0 0.0 0.0 0.0
10.597246828245549 11.600197487195405 11.185959462066043 11.27535953007968 10.031138435131666
0.0 0.0 0.0 0.0 0.0
9.595719222687359 11.634008529350822 8.752881163078793 9.757581596413097 8.7186489971854
0.0 0.0 0.0 0.0 0.0
0.0 0.0 0.0 0.0 0.0
8.331038775972713 9.96601967351028 8.154090439284488 9.991168467779502 9.95291710348376
9.851364424373214 6.451185752987762 8.270748390212974 7.984197020739257 8.984905299774185
8.68663097566832 9.412830770722724 8.452665054086049 11.113835728187539 10.209932292260321
11.04509504776427 12.114236026389591 10.582648283474416 10.827710341529349 12.66844111793363
8.889023807667375 11.003133672060903 8.200675711213938 8.999013419458555 10.55026243464665
9.668362851329906 10.076181362108105 9.781179971899007 9.983460284074932 11.150082047161087
8.403270100103413 9.209551140389785 8.5991630808991 8.584358957285259 10.121318734992824
0.0 0.0 0.0 0.0 0.0
10.31589694018013 8.440762030066253 8.286572266821643 8.775382456500056 9.983830173244241
0.0 0.0 0.0 0.0 0.0
0.0 0.0 0.0 0.0 0.0
0.0 0.0 0.0 0.0 0.0
8.476630355166881 8.104218698988564 9.143637152843255 9.300644086522128 10.745751561484276
0.0 0.0 0.0 0.0 0.0
0.0 0.0 0.0 0.0 0.0
10.337380033149897 9.826797429038432 9.625322650741897 8.81268568461425 8.693578549488509
0.0 0.0 0.0 0.0 0.0
0.0 0.0 0.0 0.0 0.0
0.0 0.0 0.0 0.0 0.0
8.858320873393712 10.7822845820717 7.489602894295372 8.174537616874279 11.04647584194474
0.0 0.0 0.0 0.0 0.0
9.813422231623742 9.413293554703035 7.976840904537505 8.80051902753727 8.8170556195483
9.51265040906579 10.35756937312905 8.40782852097573 9.48491932956715 8.749928641093762
9.64224916778979 10.700284966422956 8.775567292553918 8.973735590848152 9.969401437458256
11.93822824573601 12.738084217057567 9.729363978396467 11.73035677237693 11.649991408032356
8.487589891532997 10.450045003652884 8.129063111367982 8.746951742548209 9.239790770307398
8.64381759544656 9.862351402759796 8.6624230519356 8.175868379970822 9.104840319542616
8.037085957093954 10.422631009479964 8.873549483908574 6.414452331807556 9.876399085536539
8.898748668040993 10.367797233199134 8.825132023013209 8.246023127944323 9.863025578479876
0.0 0.0 0.0 0.0 0.0
0.0 0.0 0.0 0.0 0.0
0.0 0.0 0.0 0.0 0.0
0.0 0.0 0.0 0.0 0.0
0.0 0.0 0.0 0.0 0.0
9.220646399696196 9.801044939333568 6.653947451074381 9.673387678755306 8.590077885730988
8.007490203136735 8.780311638041978 7.408274609097051 7.691333541812247 8.598750103690996
0.0 0.0 0.0 0.0 0.0
0.0 0.0 0.0 0.0 0.0
0.0 0.0 0.0 0.0 0.0
0.0 0.0 0.0 0.0 0.0
0.0 0.0 0.0 0.0 0.0
9.170314601878447 9.115133470927315 8.306332235407842 6.127055082819268 9.067623305918044
12.892738158793946 14.09564577402459 11.412169974966174 0.0 0.0
