0 (3, 0, -3) 0.03367044866006607 0.5636299727607456 0.2791567641536259 0.033036503187741435 0.09050631123782112
1 (3, 0, -2) 0.039153435370431325 0.6094012487545857 0.023815541381562347 0.15429753620361916 0.17333223828980143
2 (3, 0, -1) 0.014683870329269346 0.39785892636422976 0.4886145299026963 0.0645348135445571 0.034307859859247565
3 (3, 0, 0) 0.008725919312159469 0.8687305020506415 0.04211016969293699 0.03247953711179695 0.04795387183246492
4 (3, 0, 1) 0.00014659605036148782 0.9895209700630894 0.006806614112247784 0.003253436813390584 0.0002723829609108562
5 (3, 0, 2) 0.44532039175858845 0.10315669812603592 0.2698804495877851 0.03779568269401824 0.14384677783357225
6 (3, 0, 3) 0.03128166481946363 0.5455927783158478 0.2008633110000225 0.05107234280859809 0.17118990305606768
7 (3, 1, -3) 0.2 0.2 0.2 0.2 0.2
8 (3, 1, -2) 0.2 0.2 0.2 0.2 0.2
9 (3, 1, -1) 0.00015729293660631717 0.7619085739868544 0.054706511901682714 0.13195320504505206 0.05127441612980462
10 (3, 1, 0) 0.2 0.2 0.2 0.2 0.2
11 (3, 1, 1) 0.00086717995767882 0.9809059932019103 0.016920306819597324 0.0009580024574702977 0.00034851756334328783
12 (3, 1, 2) 0.2 0.2 0.2 0.2 0.2
13 (3, 1, 3) 0.2 0.2 0.2 0.2 0.2
14 (3, 2, -3) 0.2 0.2 0.2 0.2 0.2
15 (3, 2, -2) 0.2 0.2 0.2 0.2 0.2
16 (3, 2, -1) 0.018014422625271396 0.6575281187944917 0.09815757768281917 0.021781996602100385 0.20451788429531748
17 (3, 2, 0) 0.2 0.2 0.2 0.2 0.2
18 (3, 2, 1) 0.03285363275990804 0.9359862514829771 0.0018726579532525227 0.02333665011634353 0.005950807687518935
19 (3, 2, 2) 0.2 0.2 0.2 0.2 0.2
20 (3, 2, 3) 0.2 0.2 0.2 0.2 0.2
21 (5, 0, -3) 0.054407338109323515 0.23743423818249115 0.024612060171872282 0.021946875358249386 0.6615994881780636
22 (5, 0, -2) 0.08736908935952943 0.001316086519137349 0.008597378291702502 0.16683254919311197 0.7358848966365187
23 (5, 0, -1) 0.009321319427551461 0.08008511125731295 0.0037519165443390275 0.01712211038067335 0.8897195423901232
24 (5, 0, 0) 0.006115048632774024 0.20426068111671045 0.005637383290906844 0.010836403955056579 0.7731504830045521
25 (5, 0, 1) 0.0002057041180748358 0.48402915268607244 0.0031835555733519903 0.0021250569140967143 0.510456530708404
26 (5, 0, 2) 0.014723294354130547 0.2375086592305535 0.04734765240774113 0.04740724091156214 0.6530131530960126
27 (5, 0, 3) 0.12447616039790745 0.05211396990679886 0.17018133978019903 0.04688452792798181 0.6063440019871128
28 (5, 1, -3) 0.2 0.2 0.2 0.2 0.2
29 (5, 1, -2) 0.0035175175708553326 0.0007152368722227235 0.007170594391961382 0.05958620029663185 0.9290104508683288
30 (5, 1, -1) 0.2 0.2 0.2 0.2 0.2
31 (5, 1, 0) 0.2 0.2 0.2 0.2 0.2
32 (5, 1, 1) 0.2 0.2 0.2 0.2 0.2
33 (5, 1, 2) 0.05256428279592987 0.002733432180603684 0.21042916777611653 0.09184323311107884 0.6424298841362711
34 (5, 1, 3) 0.2 0.2 0.2 0.2 0.2
35 (5, 2, -3) 0.2 0.2 0.2 0.2 0.2
36 (5, 2, -2) 0.03040639626570279 0.008740788622065 0.002698914693011347 0.01624856727295287 0.941905333146268
37 (5, 2, -1) 0.2 0.2 0.2 0.2 0.2
38 (5, 2, 0) 0.2 0.2 0.2 0.2 0.2
39 (5, 2, 1) 0.2 0.2 0.2 0.2 0.2
40 (5, 2, 2) 0.004192419546437543 0.6785042287120181 0.006903037231487571 0.0028431614123561283 0.3075571530977005
41 (5, 2, 3) 0.2 0.2 0.2 0.2 0.2
42 (7, 0, -3) 0.0016043990305019608 0.5035090109135566 0.0027668228601878883 0.06544329367842257 0.4266764735173311
43 (7, 0, -2) 0.013886088305086664 0.9222130944194367 0.0077408038436469016 0.03662816785291585 0.01953184557891379
44 (7, 0, -1) 0.007496494589085997 0.9695557382270327 0.0006680102396828249 0.0005667523339866723 0.02171300461021186
45 (7, 0, 0) 0.014323043966561392 0.8829789264448877 0.0005529907132378253 0.09495436700228072 0.0071906718730323504
46 (7, 0, 1) 0.02751310212983662 0.34629582227809064 0.015798696625677705 0.007045643837946696 0.6033467351284483
47 (7, 0, 2) 0.06477765643798164 0.7391542076981723 0.0149070316031046 0.0018135638899078265 0.1793475403708337
48 (7, 0, 3) 0.00446283746055874 0.22083456154662437 0.3125019067653995 0.006056775719216502 0.4561439185082009
49 (7, 1, -3) 0.003850184146957497 0.33775983308734353 0.0038651777019553584 0.011628940557269712 0.6428958645064741
50 (7, 1, -2) 0.2 0.2 0.2 0.2 0.2
51 (7, 1, -1) 0.2 0.2 0.2 0.2 0.2
52 (7, 1, 0) 0.2 0.2 0.2 0.2 0.2
53 (7, 1, 1) 0.2 0.2 0.2 0.2 0.2
54 (7, 1, 2) 0.2 0.2 0.2 0.2 0.2
55 (7, 1, 3) 0.024068640002847804 0.16110542122830418 0.021769070076594288 0.7454609672541824 0.04759590143807136
56 (7, 2, -3) 0.04324519320972302 0.6996027111760675 0.004529027591915769 0.04552955851552024 0.20709350950677338
57 (7, 2, -2) 0.2 0.2 0.2 0.2 0.2
58 (7, 2, -1) 0.2 0.2 0.2 0.2 0.2
59 (7, 2, 0) 0.2 0.2 0.2 0.2 0.2
60 (7, 2, 1) 0.2 0.2 0.2 0.2 0.2
61 (7, 2, 2) 0.2 0.2 0.2 0.2 0.2
62 (7, 2, 3) 0.009320475822361179 0.06374972867823478 0.09761503314488873 0.0003667153960768617 0.8289480469584384
63 (0, 0, 0) 0.04220589861127217 0.9543822653450162 0.0034118360432846442 2.1345890394446891e-13 2.1345890394446891e-13
