8.615301107025417 10.02418980763479 9.672877579231407 8.605797381539507 9.109700620729084
9.531447936026316 10.90394231012191 9.282873035665798 10.217145248104789 10.275308954934326
9.221387598839696 10.871061524456142 10.973799729521492 9.961615192951172 9.645700020584982
10.374268091381653 12.674635653939644 11.161263813427244 11.031424309321352 11.226238950146268
7.259220623266141 11.667868317713884 9.178205240520846 8.809113798335083 7.568984709819496
9.3115801578599 8.580307742164063 9.061172696387043 8.078280596397263 8.746557500697024
8.367423398742634 9.79684376515643 9.29721964602178 8.612528887080863 9.217294072293994
0.0 0.0 0.0 0.0 0.0
0.0 0.0 0.0 0.0 0.0
7.029332328249684 11.272068298617068 9.955146390147751 10.395378691444892 9.922750973624748
0.0 0.0 0.0 0.0 0.0
7.755170807159595 11.270663500934186 9.240682430987677 7.8049727193051295 7.2993918606660655
0.0 0.0 0.0 0.0 0.0
0.0 0.0 0.0 0.0 0.0
0.0 0.0 0.0 0.0 0.0
0.0 0.0 0.0 0.0 0.0
9.12499410648829 10.923651524160357 9.972694820910577 9.219949651806802 10.339735472190856
0.0 0.0 0.0 0.0 0.0
8.04722463439508 9.721993865729168 6.6148728653668805 7.87620601739884 7.192956949910799
0.0 0.0 0.0 0.0 0.0
0.0 0.0 0.0 0.0 0.0
9.81424712029599 10.550942948690759 9.417615888902688 9.360309990400188 11.063327787104235
9.50045627219469 7.402716783853045 8.341114149959974 9.8238808014368 10.565922354498886
9.155708821682813 10.231101707534004 8.700690121562483 9.459742044112 11.435009873681777
10.951597937690089 12.705920089972631 10.910931577789864 11.23767717787705 13.371458428443795
7.210106147647057 11.09183694786665 8.579763717507113 8.377663671565092 11.118417120781531
9.130925412656348 10.5213120092741 9.714968587330524 9.71559745735073 11.027008603730119
9.523445449590284 9.088104866791383 9.679820628736644 9.035232205228935 10.31511208470737
0.0 0.0 0.0 0.0 0.0
8.891965544888308 8.095517041592075 9.248082067772657 10.30679979656481 11.680147786427183
0.0 0.0 0.0 0.0 0.0
0.0 0.0 0.0 0.0 0.0
0.0 0.0 0.0 0.0 0.0
8.81080917474595 7.332569761639029 9.504365298032132 9.089832315190794 10.062419587879825
0.0 0.0 0.0 0.0 0.0
0.0 0.0 0.0 0.0 0.0
9.928221957925569 9.304895671523997 8.717320326371363 9.614897831582027 11.644847850010752
0.0 0.0 0.0 0.0 0.0
0.0 0.0 0.0 0.0 0.0
0.0 0.0 0.0 0.0 0.0
8.892200323392462 11.435506666914627 9.14154205768056 8.698019614275733 11.03989177791999
0.0 0.0 0.0 0.0 0.0
7.01943439970773 9.893860578663066 7.291909614403446 8.873651785538028 9.811072800782027
8.589315615790824 10.687260026381912 8.297124635979573 9.074280645928098 8.759894987046977
8.480585506237519 10.911786727034634 7.271641856309021 7.189451308952965 9.012323430575544
11.316217101173775 13.376932915182676 9.689075212442274 12.2619804623797 10.971674554379273
8.01869469153466 9.285010219114342 7.741327247679197 7.337568290647661 9.562609549519491
8.60390979177652 9.82118270882947 7.869345934507206 6.816076378498926 9.113092168732571
7.286329928779386 9.237144461397905 9.410742831352783 7.439026345425269 9.599841731190915
7.5518781735699605 9.78898522976503 7.553821513903987 8.10456611815451 10.110809064085677
0.0 0.0 0.0 0.0 0.0
0.0 0.0 0.0 0.0 0.0
0.0 0.0 0.0 0.0 0.0
0.0 0.0 0.0 0.0 0.0
0.0 0.0 0.0 0.0 0.0
8.071655818553428 9.022230414800088 8.021446023586652 9.788202331842765 8.412574270973693
8.420917284992614 9.812730550451734 7.292727869637209 8.446655117590405 9.204059455227066
0.0 0.0 0.0 0.0 0.0
0.0 0.0 0.0 0.0 0.0
0.0 0.0 0.0 0.0 0.0
0.0 0.0 0.0 0.0 0.0
0.0 0.0 0.0 0.0 0.0
8.378477931931446 9.339853555284487 9.552886846124489 6.760786481632316 10.622449833103612
13.005068388979888 14.564320538892316 11.747413682338845 0.0 0.0
