0 (3, 0, -3) 0.01703111106865069 0.8015197336269925 0.07835368310277727 0.015843069441516918 0.08725240276006269
1 (3, 0, -2) 0.018656222196507713 0.2838161159298903 0.4332918814715476 0.087040431527071 0.17719534887498345
2 (3, 0, -1) 0.02735396559483703 0.07303561385879936 0.10031833132889557 0.5051106703524574 0.2941814188650107
3 (3, 0, 0) 0.01692838117999464 0.7302823960140552 0.12089312328883217 0.04355301627921929 0.08834308323789866
4 (3, 0, 1) 0.05275567686715571 0.2378072635885496 0.39639926791325725 0.15870595645255772 0.1543318351784798
5 (3, 0, 2) 0.003235206685925982 0.9463353667593264 0.027662343253635015 0.013753762748845088 0.009013320552267496
6 (3, 0, 3) 0.012464427615509541 0.9283858057531609 0.02952580417665994 0.0174945727229505 0.012129389731719068
7 (3, 1, -3) 0.2 0.2 0.2 0.2 0.2
8 (3, 1, -2) 0.2 0.2 0.2 0.2 0.2
9 (3, 1, -1) 0.011456616892575483 0.1552132299504658 0.31546909301563447 0.28349896514487755 0.23436209499644672
10 (3, 1, 0) 0.2 0.2 0.2 0.2 0.2
11 (3, 1, 1) 0.0858181758599272 0.7214757608684812 0.026967683539936612 0.06282396804934683 0.1029144116823082
12 (3, 1, 2) 0.2 0.2 0.2 0.2 0.2
13 (3, 1, 3) 0.2 0.2 0.2 0.2 0.2
14 (3, 2, -3) 0.2 0.2 0.2 0.2 0.2
15 (3, 2, -2) 0.2 0.2 0.2 0.2 0.2
16 (3, 2, -1) 0.025133143069466974 0.9005786472605551 0.05474800682434418 0.00969120986177475 0.009848992983858988
17 (3, 2, 0) 0.2 0.2 0.2 0.2 0.2
18 (3, 2, 1) 0.17836889235173167 0.46513626720064866 0.03774751703770492 0.2950939463255813 0.023653377084333585
19 (3, 2, 2) 0.2 0.2 0.2 0.2 0.2
20 (3, 2, 3) 0.2 0.2 0.2 0.2 0.2
21 (5, 0, -3) 0.01593220341369555 0.3017592338897199 0.009831282856970587 0.016934108360335685 0.6555431714792782
22 (5, 0, -2) 0.10551021059200585 0.001463709407271305 0.006095903146368456 0.011353998718834081 0.8755761781355204
23 (5, 0, -1) 0.04947265641555922 0.0486553453090943 0.017338126679472824 0.022692075712055997 0.8618417958838177
24 (5, 0, 0) 0.003907131595474381 0.30015306964643784 0.004208027613161567 0.0036980813781056607 0.6880336897668207
25 (5, 0, 1) 0.0017760247451074692 0.0291084937465751 0.020375827700348004 0.0018140399249542882 0.9469256138830151
26 (5, 0, 2) 0.010876487269212533 0.08384500155461987 0.001393600616793879 0.0692094209540549 0.8346754896053189
27 (5, 0, 3) 0.011401017765091613 0.07786834234527337 0.0029422836035403145 0.008417029061384473 0.8993713272247102
28 (5, 1, -3) 0.2 0.2 0.2 0.2 0.2
29 (5, 1, -2) 0.2645764909205192 0.23884539157309603 0.2641378555594224 0.059449912762317446 0.17299034918464498
30 (5, 1, -1) 0.2 0.2 0.2 0.2 0.2
31 (5, 1, 0) 0.2 0.2 0.2 0.2 0.2
32 (5, 1, 1) 0.2 0.2 0.2 0.2 0.2
33 (5, 1, 2) 0.012335255947838169 0.011984006193184833 0.6659139935709272 0.01661310667540442 0.29315363761264535
34 (5, 1, 3) 0.2 0.2 0.2 0.2 0.2
35 (5, 2, -3) 0.2 0.2 0.2 0.2 0.2
36 (5, 2, -2) 0.10997387951706557 0.030297298942954708 0.1162794800315637 0.004915310550641371 0.7385340309577746
37 (5, 2, -1) 0.2 0.2 0.2 0.2 0.2
38 (5, 2, 0) 0.2 0.2 0.2 0.2 0.2
39 (5, 2, 1) 0.2 0.2 0.2 0.2 0.2
40 (5, 2, 2) 0.01151999272616593 0.007754344763530757 0.002139702764331264 0.0004395825800310404 0.978146377165941
41 (5, 2, 3) 0.2 0.2 0.2 0.2 0.2
42 (7, 0, -3) 0.12829641066224146 0.7643918701157286 0.0031744234083853832 0.03322229260178785 0.0709150032118566
43 (7, 0, -2) 0.010558857265191261 0.9568103564269277 0.0021052341123859305 0.0069346582482327 0.023590893947262343
44 (7, 0, -1) 0.019086486827230565 0.824344164921906 0.014572944808380665 0.01301423797668725 0.1289821654657956
45 (7, 0, 0) 0.020370461468406428 0.8253013613608744 0.0002217373985946941 0.1436183654128403 0.010488074359284155
46 (7, 0, 1) 0.04456725823926739 0.604485290779011 0.019792689655320543 0.010507960802276416 0.3206468005241246
47 (7, 0, 2) 0.07037129759423923 0.6381237422394782 0.01605174807292642 0.05600266717145756 0.21945054492189858
48 (7, 0, 3) 0.044408957280791965 0.3314257996992847 0.025167519602818808 0.04911047251932769 0.5498872508977768
49 (7, 1, -3) 0.2841133554158856 0.26173906830363725 0.04868704973891902 0.011580529389706608 0.3938799971518514
50 (7, 1, -2) 0.2 0.2 0.2 0.2 0.2
51 (7, 1, -1) 0.2 0.2 0.2 0.2 0.2
52 (7, 1, 0) 0.2 0.2 0.2 0.2 0.2
53 (7, 1, 1) 0.2 0.2 0.2 0.2 0.2
54 (7, 1, 2) 0.2 0.2 0.2 0.2 0.2
55 (7, 1, 3) 0.014650376215404885 0.618895696664805 0.0028980443648608353 0.3532052935481472 0.010350589206782116
56 (7, 2, -3) 0.6223110741053247 0.10611169372511643 0.009003383970223423 0.027313669254988585 0.23526017894434695
57 (7, 2, -2) 0.2 0.2 0.2 0.2 0.2
58 (7, 2, -1) 0.2 0.2 0.2 0.2 0.2
59 (7, 2, 0) 0.2 0.2 0.2 0.2 0.2
60 (7, 2, 1) 0.2 0.2 0.2 0.2 0.2
61 (7, 2, 2) 0.2 0.2 0.2 0.2 0.2
62 (7, 2, 3) 0.09370807197413426 0.4709106785720338 0.013796915435730093 0.0016126870609147934 0.4199716469571871
63 (0, 0, 0) 0.022024664897676467 0.9753778069749462 0.0025975281269768756 2.0015902876243465e-13 2.0015902876243465e-13
