8.707515116271054 10.633249045382508 9.470610737088807 8.671360321818101 9.524396798824759
8.643374868958432 10.004448283482757 10.215990804846474 9.413471379263356 9.7689114037861
9.62435692016727 10.115399755456377 10.27410038545641 11.082314941064455 10.812024487824273
10.437325530628744 12.319545395652916 11.420283182392481 10.909819224578133 11.263443697809258
8.340649368354686 9.093543940273383 9.349024653712327 8.891340255709649 8.877366204956534
8.35670554236135 11.195957642403059 9.42969515361912 9.080315354699625 8.869010906374875
8.918600610410182 11.073884904790695 9.349793511544238 9.088106563472302 8.904976917632462
0.0 0.0 0.0 0.0 0.0
0.0 0.0 0.0 0.0 0.0
8.870984115101775 10.174100310607091 10.52873074391954 10.47530462272525 10.380134053216112
0.0 0.0 0.0 0.0 0.0
9.039676751727386 10.104210730858082 8.460880961374272 8.88372966851745 9.13051018389565
0.0 0.0 0.0 0.0 0.0
0.0 0.0 0.0 0.0 0.0
0.0 0.0 0.0 0.0 0.0
0.0 0.0 0.0 0.0 0.0
9.471353433286094 11.260778474281027 9.86063020671726 8.99486936264021 9.002944332625905
0.0 0.0 0.0 0.0 0.0
9.066718009159233 9.545956297001558 8.29025094164937 9.318437975682334 8.05654404130496
0.0 0.0 0.0 0.0 0.0
0.0 0.0 0.0 0.0 0.0
8.864931789621252 10.335575303510765 8.62354528815002 8.895425490283184 10.723492653900802
9.072834239666413 6.933917325886572 7.6472388392162305 7.958215370073745 10.130871453591826
9.557008946525233 9.548679723545124 9.032752851315765 9.167306773857627 10.98583474705511
10.796331840421551 12.96707638002486 10.83342711041994 10.768837161031716 13.381848993890845
8.586825772431474 9.985151990124006 9.806811624482906 8.597415164065563 11.726247254104496
9.698773348564727 10.71995662192943 8.671417069412263 10.624040181715015 11.868993191613804
9.057657958827036 10.018316385249276 8.380399652172231 8.905935105761758 11.24165464126749
0.0 0.0 0.0 0.0 0.0
9.142995540324776 9.091838562976257 9.142165913769999 8.39649741812801 8.930548244207422
0.0 0.0 0.0 0.0 0.0
0.0 0.0 0.0 0.0 0.0
0.0 0.0 0.0 0.0 0.0
8.535782631529207 8.52133835356574 10.530132143493915 8.68464785307661 10.119900297804922
0.0 0.0 0.0 0.0 0.0
0.0 0.0 0.0 0.0 0.0
9.872292728892008 9.227700571935054 9.900169591556551 8.3183487574945 10.824504880611762
0.0 0.0 0.0 0.0 0.0
0.0 0.0 0.0 0.0 0.0
0.0 0.0 0.0 0.0 0.0
10.295943447415425 10.098028085950606 9.454234897593569 8.662936593435855 12.516731099855866
0.0 0.0 0.0 0.0 0.0
9.097423567332024 9.989792208117077 7.247814925880271 8.421862477033331 8.800992930802092
8.976722160215957 11.230042234347723 8.170452969884249 8.766505517405543 9.378670024706501
9.203780161058452 11.086583925998745 9.068873223853437 9.012311860262995 10.159126938007514
11.369999494815964 13.220830855733087 9.10982580942287 12.346536323308971 11.038075970854987
9.281859456583112 10.585548390410604 8.876016052066444 8.559426292738053 10.268529825692585
8.940663482519179 10.043036853763729 8.20167962374105 8.826470403649243 9.509334194446234
8.184409984183059 9.189391365655114 7.900466518615875 8.234725540186638 9.442546018780126
9.477775118424592 9.436762512264952 8.595795007570713 7.8777510632491925 9.64111161334147
0.0 0.0 0.0 0.0 0.0
0.0 0.0 0.0 0.0 0.0
0.0 0.0 0.0 0.0 0.0
0.0 0.0 0.0 0.0 0.0
0.0 0.0 0.0 0.0 0.0
8.241422493953987 10.113157864031908 7.431207562554592 9.832714214277685 8.067711209412376
10.489363388616406 9.604889472051882 8.371443596864902 8.926336986280955 10.002989368263453
0.0 0.0 0.0 0.0 0.0
0.0 0.0 0.0 0.0 0.0
0.0 0.0 0.0 0.0 0.0
0.0 0.0 0.0 0.0 0.0
0.0 0.0 0.0 0.0 0.0
9.343664644198565 10.150906694897591 8.385795001944865 7.312523362794542 10.0936660788073
12.71203593929988 14.607366905901143 11.643234596970174 0.0 0.0
