0 (3, 0, -3) 0.012937391126219609 0.7210297526325368 0.11328125978351876 0.12118246446996914 0.03156913198775572
1 (3, 0, -2) 0.009104474294514322 0.7749312292663056 0.044590755182417945 0.05243250466525326 0.11894103659150874
2 (3, 0, -1) 0.0012632957780318052 0.8451836130655875 0.021566515115327606 0.06263895496243474 0.06934762107861829
3 (3, 0, 0) 0.013425905425963858 0.5427446089429797 0.3848904786066801 0.037727826984585294 0.021211180039791125
4 (3, 0, 1) 0.08045963362229558 0.2197294727149071 0.14214055065405906 0.5046726942553875 0.05299764875335074
5 (3, 0, 2) 0.008176078309708925 0.7247250071632474 0.12401289223299253 0.05036733247223103 0.09271868982182001
6 (3, 0, 3) 0.00154204508424757 0.11126935970367492 0.870722703896826 0.015311853442373074 0.0011540378728784422
7 (3, 1, -3) 0.2 0.2 0.2 0.2 0.2
8 (3, 1, -2) 0.2 0.2 0.2 0.2 0.2
9 (3, 1, -1) 0.0009290504154199438 0.11791417672639463 0.6791101123852304 0.017659932658079025 0.18438672781487597
10 (3, 1, 0) 0.2 0.2 0.2 0.2 0.2
11 (3, 1, 1) 0.052247384864428266 0.9070028685627445 0.019753464893816686 0.008438289053558826 0.012557992625451809
12 (3, 1, 2) 0.2 0.2 0.2 0.2 0.2
13 (3, 1, 3) 0.2 0.2 0.2 0.2 0.2
14 (3, 2, -3) 0.2 0.2 0.2 0.2 0.2
15 (3, 2, -2) 0.2 0.2 0.2 0.2 0.2
16 (3, 2, -1) 0.013191287251123575 0.22928864657454012 0.24269582675015378 0.07281295306578388 0.44201128635839854
17 (3, 2, 0) 0.2 0.2 0.2 0.2 0.2
18 (3, 2, 1) 0.011903416254737833 0.741204916318455 0.10952876086525673 0.07668752678086896 0.06067537978068156
19 (3, 2, 2) 0.2 0.2 0.2 0.2 0.2
20 (3, 2, 3) 0.2 0.2 0.2 0.2 0.2
21 (5, 0, -3) 0.0030078778717883806 0.8683822703824404 0.015992167194160613 0.02052667164438471 0.0920910129072259
22 (5, 0, -2) 0.10299719657843294 0.0006025449233296419 0.2211401712040088 0.105007542039596 0.5702525452546325
23 (5, 0, -1) 0.026704981980878242 0.007480353215986165 0.004799188408668223 0.08854484975523 0.8724706266392374
24 (5, 0, 0) 0.003564830426352595 0.3682388916226755 0.015474989777820932 0.004218213948569 0.6085030742245819
25 (5, 0, 1) 0.021318711177657265 0.3653203181426373 0.3925042154752084 0.19643357854962157 0.024423176654875266
26 (5, 0, 2) 0.002016107917506565 0.019541940834982233 0.013944113602206175 0.0010274281039919844 0.963470409541313
27 (5, 0, 3) 0.003585567117578799 0.020850481763759542 0.010871633654506711 0.006648559053275925 0.958043758410879
28 (5, 1, -3) 0.2 0.2 0.2 0.2 0.2
29 (5, 1, -2) 0.26628563564307434 0.055214506466497774 0.09881420592223583 0.19068814922157187 0.38899750274662015
30 (5, 1, -1) 0.2 0.2 0.2 0.2 0.2
31 (5, 1, 0) 0.2 0.2 0.2 0.2 0.2
32 (5, 1, 1) 0.2 0.2 0.2 0.2 0.2
33 (5, 1, 2) 0.009323121646469318 0.7844476369189635 0.08694007402470143 0.056726867003040304 0.06256230040682563
34 (5, 1, 3) 0.2 0.2 0.2 0.2 0.2
35 (5, 2, -3) 0.2 0.2 0.2 0.2 0.2
36 (5, 2, -2) 0.012415587429326932 0.027587242129391485 0.24370933968751207 0.009438268278164514 0.7068495624756049
37 (5, 2, -1) 0.2 0.2 0.2 0.2 0.2
38 (5, 2, 0) 0.2 0.2 0.2 0.2 0.2
39 (5, 2, 1) 0.2 0.2 0.2 0.2 0.2
40 (5, 2, 2) 0.00028573776227640583 0.984290016183676 0.0013184057874162862 0.0009231894129475754 0.013182650853683666
41 (5, 2, 3) 0.2 0.2 0.2 0.2 0.2
42 (7, 0, -3) 0.007691580268788675 0.006259774710871754 0.0008459034760936562 0.0026070763589572314 0.9825956651852886
43 (7, 0, -2) 0.09745437956086227 0.171588904692916 0.003630322024729773 0.02016138398890863 0.7071650097325834
44 (7, 0, -1) 0.036095642272957904 0.3800664252620348 0.0010367834920585856 0.41372346942802235 0.1690776795449264
45 (7, 0, 0) 0.14849779906558938 0.7003461078463071 0.0021329080490813403 0.08958812356331482 0.059435061475707186
46 (7, 0, 1) 0.0037053782576111764 0.49986921153239416 0.003557549362967521 0.0038528392936496444 0.4890150215533775
47 (7, 0, 2) 0.002776551374396214 0.8946014021214336 0.027212208900568646 0.02761983519624475 0.04779000240735683
48 (7, 0, 3) 0.0013753433470532453 0.36567695630461033 0.0047160146748454375 0.0006552665297724059 0.6275764191437186
49 (7, 1, -3) 0.005697192768851366 0.06278907544059278 0.0029863599456218647 0.0006202739463427767 0.9279070978985912
50 (7, 1, -2) 0.2 0.2 0.2 0.2 0.2
51 (7, 1, -1) 0.2 0.2 0.2 0.2 0.2
52 (7, 1, 0) 0.2 0.2 0.2 0.2 0.2
53 (7, 1, 1) 0.2 0.2 0.2 0.2 0.2
54 (7, 1, 2) 0.2 0.2 0.2 0.2 0.2
55 (7, 1, 3) 0.01991918466972784 0.18200182331330067 0.000978031918140553 0.10713804240170179 0.6899629176971291
56 (7, 2, -3) 0.08101885315734753 0.8390137119131443 0.013381106190413989 0.02726688580846491 0.039319442930629264
57 (7, 2, -2) 0.2 0.2 0.2 0.2 0.2
58 (7, 2, -1) 0.2 0.2 0.2 0.2 0.2
59 (7, 2, 0) 0.2 0.2 0.2 0.2 0.2
60 (7, 2, 1) 0.2 0.2 0.2 0.2 0.2
61 (7, 2, 2) 0.2 0.2 0.2 0.2 0.2
62 (7, 2, 3) 0.041454248110861625 0.06751887918777412 0.1413493897671367 0.04376489921485269 0.7059125837193749
63 (0, 0, 0) 0.019979027761195478 0.9771723618211523 0.0028486104171022487 2.749775792435572e-13 2.749775792435572e-13
