8.147883803381518 10.158163176679109 9.232759850995713 9.266471665857095 8.593912879242414
8.276055628255529 10.498059786046607 9.070435918871135 9.151436000078112 9.560986581297739
8.244766923363777 11.497681870607941 9.663475864799423 10.196598606103784 10.247470843473565
10.145144711877599 11.994871109106908 11.8230310825132 10.661750640420893 10.373815872699776
8.100240488394402 8.60256124201339 8.384770862616628 9.018317726388414 7.891486456619855
7.519367737363212 9.761657572875425 8.878954196567378 8.428432831503596 8.733546465882068
8.054499344356797 10.1939215511001 11.222606368716361 9.202258219863577 7.909578081409045
0.0 0.0 0.0 0.0 0.0
0.0 0.0 0.0 0.0 0.0
7.571507050474467 9.993281709036339 10.86869482848983 9.043952378015135 10.216820853833074
0.0 0.0 0.0 0.0 0.0
9.225075666546717 10.652153553372996 8.738745203781995 8.313470531613815 8.512259409697661
0.0 0.0 0.0 0.0 0.0
0.0 0.0 0.0 0.0 0.0
0.0 0.0 0.0 0.0 0.0
0.0 0.0 0.0 0.0 0.0
9.040508593487058 10.468221153636923 10.496634774768363 9.89467724907578 10.796398024273701
0.0 0.0 0.0 0.0 0.0
7.449569696920041 9.515295540999443 8.559250562882157 8.381026513192014 8.263925982773292
0.0 0.0 0.0 0.0 0.0
0.0 0.0 0.0 0.0 0.0
8.547122016329023 11.379820624953204 9.3825541402674 9.507367162428583 10.257893293651415
9.097135031118146 6.526487618604127 9.479182525682237 9.106800234294331 9.952823808309045
9.644930989497299 9.008645926105112 8.786729331020354 10.244260520245652 11.388170413858546
10.631294029128501 12.950101730667555 11.365348364886078 10.71544168764252 13.201236768156546
8.139521047929351 9.56011575120049 9.596002113473363 9.249890650618129 8.207494747043643
8.615731287110087 9.751428331434795 9.582675575075253 8.278676194045353 11.70041773544582
8.911388354680508 9.791618555090285 9.466008518035435 9.220130101748866 11.705376754896484
0.0 0.0 0.0 0.0 0.0
9.70646740388048 8.919795486983162 9.210803317979199 9.539502312004954 9.895969090412962
0.0 0.0 0.0 0.0 0.0
0.0 0.0 0.0 0.0 0.0
0.0 0.0 0.0 0.0 0.0
7.949369160091324 10.165610314913224 9.06572994198153 8.85224437515621 8.901201836863398
0.0 0.0 0.0 0.0 0.0
0.0 0.0 0.0 0.0 0.0
8.467953521307956 8.867153866423658 9.95646529655225 8.330863413449578 10.488886084507344
0.0 0.0 0.0 0.0 0.0
0.0 0.0 0.0 0.0 0.0
0.0 0.0 0.0 0.0 0.0
8.492388837573966 12.564689532286401 9.256940874471038 9.078768813989834 10.408180057444572
0.0 0.0 0.0 0.0 0.0
9.384022008384372 9.281030976778492 8.280283868717047 8.843073591132864 11.80905773295995
9.978365236803858 10.261223817020408 8.333333731716454 9.190557599067196 10.969305069977684
9.517465639721195 10.694552587407808 7.742441129264041 10.736978468228685 10.289558692823976
12.343836443903653 13.11933870170515 10.222294540306336 12.091162756230187 11.885993531774345
7.935915373769981 10.388195943725359 7.915558663406435 7.955427877773382 10.377219304053535
8.389589514753004 11.277173821498819 9.530817556959006 9.538251782910047 9.812392923823616
8.424497015847349 11.216020467701945 9.040627359592346 8.053788707184191 11.486078035943418
9.478557297620833 10.678461069399802 9.155598137338448 8.36977349441035 12.025036328081011
0.0 0.0 0.0 0.0 0.0
0.0 0.0 0.0 0.0 0.0
0.0 0.0 0.0 0.0 0.0
0.0 0.0 0.0 0.0 0.0
0.0 0.0 0.0 0.0 0.0
8.980973285704312 10.087139977777973 7.474025138490026 9.822190684602793 10.753450552001791
10.102008442617988 11.270781026056866 9.201589364409669 9.557503997255683 9.740527065106614
0.0 0.0 0.0 0.0 0.0
0.0 0.0 0.0 0.0 0.0
0.0 0.0 0.0 0.0 0.0
0.0 0.0 0.0 0.0 0.0
0.0 0.0 0.0 0.0 0.0
8.886021548453686 9.129929991712086 9.499343749967705 8.91314242064609 10.30347207185702
12.504507331522387 14.449497303780397 11.5305814270204 0.0 0.0
