0 (3, 0, -3) 0.0050355950208993095 0.16952133662398433 0.01622314741790784 0.7957067757379357 0.013513145199272759
1 (3, 0, -2) 0.0035527882647275267 0.52703197237582 0.16293651859005376 0.02382481834307197 0.2826539024263267
2 (3, 0, -1) 0.042601864516863194 0.574991521633728 0.2688138503105631 0.10206009691846546 0.011532666620380121
3 (3, 0, 0) 0.060935589310270294 0.6479872619858914 0.12124508794962938 0.08631073880313501 0.0835213219510738
4 (3, 0, 1) 0.09586812919617917 0.5331127698897968 0.21502169973641308 0.10683392074551068 0.04916348043210024
5 (3, 0, 2) 0.026472968622335346 0.6737091248676935 0.010696320773645608 0.07204590125773094 0.21707568447859465
6 (3, 0, 3) 0.2606390669702575 0.2799088977605243 0.09355963957880575 0.3553064424131882 0.010585953277224107
7 (3, 1, -3) 0.2 0.2 0.2 0.2 0.2
8 (3, 1, -2) 0.2 0.2 0.2 0.2 0.2
9 (3, 1, -1) 0.023335729526190823 0.29085049259261236 0.07486998564793593 0.5335663367180281 0.07737745551523281
10 (3, 1, 0) 0.2 0.2 0.2 0.2 0.2
11 (3, 1, 1) 0.02108624782699285 0.8747657051897847 0.04260173221919372 0.015435359558883099 0.04611095520514573
12 (3, 1, 2) 0.2 0.2 0.2 0.2 0.2
13 (3, 1, 3) 0.2 0.2 0.2 0.2 0.2
14 (3, 2, -3) 0.2 0.2 0.2 0.2 0.2
15 (3, 2, -2) 0.2 0.2 0.2 0.2 0.2
16 (3, 2, -1) 0.45416473182264416 0.3000175137354762 0.1946308438986526 0.03046760725022278 0.020719303293004015
17 (3, 2, 0) 0.2 0.2 0.2 0.2 0.2
18 (3, 2, 1) 0.0027210499079397222 0.9613995292524591 0.03105246340083357 0.0031543843231338752 0.0016725731156336519
19 (3, 2, 2) 0.2 0.2 0.2 0.2 0.2
20 (3, 2, 3) 0.2 0.2 0.2 0.2 0.2
21 (5, 0, -3) 0.041212330961360774 0.021404387580597706 0.01068097298233306 0.13192159667626976 0.7947807117994388
22 (5, 0, -2) 0.8374506512306685 0.0007888058120913406 0.010500005838121638 0.02370095894233556 0.12755957817678304
23 (5, 0, -1) 0.02851630420103968 0.013953802226137796 0.02270341890305297 0.013219774052158252 0.9216067006176114
24 (5, 0, 0) 0.012704155894684585 0.4672223079887362 0.003163484990064748 0.011365119097305632 0.5055449320292088
25 (5, 0, 1) 0.0014564942311020852 0.015058705019534425 0.002205186886664839 0.001467254318820279 0.9798123595438784
26 (5, 0, 2) 0.007077376865829923 0.02265518049356022 0.0011377843582712247 0.006135523941156833 0.9629941343411818
27 (5, 0, 3) 0.05804537817743876 0.15646502830467793 0.005196060508518031 0.00158880399168632 0.778704729017679
28 (5, 1, -3) 0.2 0.2 0.2 0.2 0.2
29 (5, 1, -2) 0.11064934673954226 0.020868927078132354 0.022784233296305325 0.14779484139747245 0.6979026514885476
30 (5, 1, -1) 0.2 0.2 0.2 0.2 0.2
31 (5, 1, 0) 0.2 0.2 0.2 0.2 0.2
32 (5, 1, 1) 0.2 0.2 0.2 0.2 0.2
33 (5, 1, 2) 0.01441904616865821 0.042108915827253304 0.008416279630848159 0.020051733577809854 0.9150040247954305
34 (5, 1, 3) 0.2 0.2 0.2 0.2 0.2
35 (5, 2, -3) 0.2 0.2 0.2 0.2 0.2
36 (5, 2, -2) 0.014121029129676532 0.06299619682891704 0.0027383605467113936 0.007272929202521253 0.9128714842921738
37 (5, 2, -1) 0.2 0.2 0.2 0.2 0.2
38 (5, 2, 0) 0.2 0.2 0.2 0.2 0.2
39 (5, 2, 1) 0.2 0.2 0.2 0.2 0.2
40 (5, 2, 2) 0.01303190009894623 0.10635998994655518 0.004861314093267125 0.10020395153101193 0.7755428443302196
41 (5, 2, 3) 0.2 0.2 0.2 0.2 0.2
42 (7, 0, -3) 0.05198775808832463 0.7003368031796856 0.0003978592319338026 0.12572978637735227 0.12154779312270368
43 (7, 0, -2) 0.045959308320302254 0.6584902775911015 0.004519397113597498 0.26373895210231296 0.027292064872685748
44 (7, 0, -1) 0.07476156184863893 0.8975150927312999 0.0009390875348477872 0.005912048194090326 0.020872209691123036
45 (7, 0, 0) 0.02017972304579425 0.4667364241311376 0.00048135041421079226 0.49254016524316835 0.02006233716568908
46 (7, 0, 1) 0.12089959825465406 0.1094111895473344 0.16241176297006957 0.10065889272465335 0.5066185565032888
47 (7, 0, 2) 0.1847642136557083 0.4667515169133382 0.21228698445201905 0.028661447145601343 0.10753583783333312
48 (7, 0, 3) 0.2776504742485163 0.4309900478812542 0.12687707020250663 0.0025344062002194186 0.1619480014675035
49 (7, 1, -3) 0.08666787489727872 0.7501851272892113 0.05888441606761681 0.00022491871408104506 0.10403766303181222
50 (7, 1, -2) 0.2 0.2 0.2 0.2 0.2
51 (7, 1, -1) 0.2 0.2 0.2 0.2 0.2
52 (7, 1, 0) 0.2 0.2 0.2 0.2 0.2
53 (7, 1, 1) 0.2 0.2 0.2 0.2 0.2
54 (7, 1, 2) 0.2 0.2 0.2 0.2 0.2
55 (7, 1, 3) 0.11849280529438437 0.673289476284459 0.008449336764772079 0.1443877757198851 0.055380605936499426
56 (7, 2, -3) 0.23937181677861485 0.4957106749139627 0.10938773570420411 0.006405254727284224 0.14912451787593403
57 (7, 2, -2) 0.2 0.2 0.2 0.2 0.2
58 (7, 2, -1) 0.2 0.2 0.2 0.2 0.2
59 (7, 2, 0) 0.2 0.2 0.2 0.2 0.2
60 (7, 2, 1) 0.2 0.2 0.2 0.2 0.2
61 (7, 2, 2) 0.2 0.2 0.2 0.2 0.2
62 (7, 2, 3) 0.04698514206917193 0.5534038938635885 0.23539936961596986 0.02634936103879239 0.1378622334124773
63 (0, 0, 0) 0.04218509499030435 0.9551000208510028 0.002714884158162537 2.651512187482898e-13 2.651512187482898e-13
