8.274766604188118 10.032990155466305 8.85972029380168 10.80611612901847 8.768332221199751
8.605036501789025 11.104800748519477 10.517850475069592 9.556534053284636 10.793281735643305
10.185468048845594 11.486696686537996 11.106528605573356 10.62229995131499 9.532110830807666
11.42026616497435 12.60229298766024 11.764264476915965 11.594334481332139 11.577908444278961
10.290298265130708 11.148177957446475 10.69418094468456 10.344449211701644 9.956387008784437
9.048684870596293 10.667022016538885 8.595572705100707 9.549274507075726 10.100745824963004
10.203713258627388 10.239377068628599 9.691444520790073 10.358635293676972 8.601908955979665
0.0 0.0 0.0 0.0 0.0
0.0 0.0 0.0 0.0 0.0
10.009616317084804 11.271028178033939 10.592500038315436 11.574415198791307 10.60897122891802
0.0 0.0 0.0 0.0 0.0
9.476296386908848 11.338963896291618 9.827933311224806 9.320316330148774 9.867511134687065
0.0 0.0 0.0 0.0 0.0
0.0 0.0 0.0 0.0 0.0
0.0 0.0 0.0 0.0 0.0
0.0 0.0 0.0 0.0 0.0
11.093175276612191 10.885865713820825 10.669497615864394 9.742277318716122 9.549478183771063
0.0 0.0 0.0 0.0 0.0
8.8569556082602 11.790641740467667 10.074285778468422 8.93084337442579 8.613628321780572
0.0 0.0 0.0 0.0 0.0
0.0 0.0 0.0 0.0 0.0
9.787050429949803 9.459479640644341 9.11191364287122 10.368785567345576 11.266714797767934
10.423702458181449 6.939903735426268 8.234209195739172 8.641279043663946 9.482813056789304
9.511747831626167 9.154385847232447 9.397767593968897 9.127366702617406 11.249569111436344
11.28502722497761 13.087465226428181 10.589899769543981 11.229337105386836 13.126881097519043
8.375779149563403 9.543741096554067 8.5831691118383 8.37945940322188 11.631443522995518
9.491970374663774 10.07371297729475 8.578060117672749 9.420566442974074 11.948542365101513
9.37675892329818 9.872562641639448 8.17009675176686 7.577637143139074 10.674962347555567
0.0 0.0 0.0 0.0 0.0
9.150863435121979 8.316811008804265 8.360714741133119 9.295592906463126 10.071720166431895
0.0 0.0 0.0 0.0 0.0
0.0 0.0 0.0 0.0 0.0
0.0 0.0 0.0 0.0 0.0
9.062702865969309 9.598557622161648 8.793511815114721 9.227585680717867 11.137892106318281
0.0 0.0 0.0 0.0 0.0
0.0 0.0 0.0 0.0 0.0
10.11092399299925 10.858628614412856 9.290771136378936 9.779170999444045 12.195388990368212
0.0 0.0 0.0 0.0 0.0
0.0 0.0 0.0 0.0 0.0
0.0 0.0 0.0 0.0 0.0
9.426471427562323 10.476186060766508 8.933425720302935 10.446375136995707 11.469552939067395
0.0 0.0 0.0 0.0 0.0
9.467792946289439 10.768069494910224 7.031460299111491 9.909356337318377 9.892442583780802
9.406464418315732 10.737561094981034 8.246775518183227 10.280066114757576 9.145884214650847
10.715484926499194 11.958147957881335 8.52690969817968 9.446829157325165 10.07754228671972
11.452837562853553 13.02338076555678 9.584918536414392 13.050286423074212 11.449920559786863
9.468827692283028 9.41890405785916 9.616414903546378 9.377216225520899 10.185226658150246
8.939608607454845 9.402966877934244 9.00903789149748 8.007844819097482 8.668980445354027
9.39349766957188 9.613358651225814 9.001925484953604 7.045295836218583 9.12395380424465
9.474823206483002 10.5539415710251 9.281569801174937 6.497773458395344 9.56615805385642
0.0 0.0 0.0 0.0 0.0
0.0 0.0 0.0 0.0 0.0
0.0 0.0 0.0 0.0 0.0
0.0 0.0 0.0 0.0 0.0
0.0 0.0 0.0 0.0 0.0
8.855233053725819 9.723894614454903 7.5348509062237685 8.954058215365379 8.474921661324933
9.41722770365466 9.781214892669722 9.025668062069425 7.606778025070649 9.180609496454373
0.0 0.0 0.0 0.0 0.0
0.0 0.0 0.0 0.0 0.0
0.0 0.0 0.0 0.0 0.0
0.0 0.0 0.0 0.0 0.0
0.0 0.0 0.0 0.0 0.0
8.652072056832571 9.885200395852266 9.45779810250843 8.362878356906252 9.190283783015685
12.896393887639054 14.456268442389751 11.52473505051988 0.0 0.0
