0 (3, 0, -3) 0.005929831145795848 0.710578680904036 0.12365045328322573 0.0958948560466863 0.06394617862025617
1 (3, 0, -2) 0.17540765136996142 0.42966584952144066 0.31735949868951135 0.03777287064728872 0.039794129771797804
2 (3, 0, -1) 0.006365613468613712 0.6875893742793511 0.1576185563606618 0.14633500698984936 0.002091448901524112
3 (3, 0, 0) 0.006458917341017873 0.6428678645690599 0.2568925147783949 0.038808306046716014 0.05497239726481142
4 (3, 0, 1) 0.03937645682411117 0.5515910082077876 0.03328276118292219 0.08818912493277598 0.287560648852403
5 (3, 0, 2) 0.011133081432217936 0.766454947816471 0.16402837358853278 0.013445254812099726 0.04493834235067842
6 (3, 0, 3) 0.099192791977127 0.7457919152854006 0.019905770284254796 0.06078490149772426 0.07432462095549326
7 (3, 1, -3) 0.2 0.2 0.2 0.2 0.2
8 (3, 1, -2) 0.2 0.2 0.2 0.2 0.2
9 (3, 1, -1) 0.18102305790464177 0.22346525426097524 0.5285526534250544 0.044183164076976436 0.02277587033235194
10 (3, 1, 0) 0.2 0.2 0.2 0.2 0.2
11 (3, 1, 1) 0.0034709592194868528 0.9798004864984735 0.0062406836227411125 0.003621626256662374 0.006866244402635994
12 (3, 1, 2) 0.2 0.2 0.2 0.2 0.2
13 (3, 1, 3) 0.2 0.2 0.2 0.2 0.2
14 (3, 2, -3) 0.2 0.2 0.2 0.2 0.2
15 (3, 2, -2) 0.2 0.2 0.2 0.2 0.2
16 (3, 2, -1) 0.0014310723853639012 0.9317896099785422 0.011991164909918797 0.0023948742332046335 0.05239327849297049
17 (3, 2, 0) 0.2 0.2 0.2 0.2 0.2
18 (3, 2, 1) 0.01925131148863575 0.03472128076009709 0.8619128387648907 0.07109379742340888 0.013020771562967562
19 (3, 2, 2) 0.2 0.2 0.2 0.2 0.2
20 (3, 2, 3) 0.2 0.2 0.2 0.2 0.2
21 (5, 0, -3) 0.0007233122917915514 0.35395123473019025 0.19623057342023761 0.0021979749770702646 0.44689690458071035
22 (5, 0, -2) 0.010051264077978924 0.00020471298177454885 0.7168566702189721 0.09478168143177279 0.17810567128950153
23 (5, 0, -1) 0.013664024888954145 0.16157385272097427 0.05820627229641781 0.005753259883528367 0.7608025902101254
24 (5, 0, 0) 0.0033362909308221776 0.31753061096277513 0.0024662037352337907 0.002765199674198574 0.6739016946969703
25 (5, 0, 1) 0.001648746596000127 0.9737508568375516 0.002704004137522971 0.017304263749109577 0.004592128679815817
26 (5, 0, 2) 0.0005624362037291923 0.1659900822520609 0.011206627546132065 0.0033512460683755444 0.8188896079297022
27 (5, 0, 3) 0.033074343682336665 0.010407643342156232 0.03720183965655808 0.040416672553001645 0.8788995007659474
28 (5, 1, -3) 0.2 0.2 0.2 0.2 0.2
29 (5, 1, -2) 0.01569947730340826 0.17121208043647762 0.17194936576144648 0.023836322543606684 0.617302753955061
30 (5, 1, -1) 0.2 0.2 0.2 0.2 0.2
31 (5, 1, 0) 0.2 0.2 0.2 0.2 0.2
32 (5, 1, 1) 0.2 0.2 0.2 0.2 0.2
33 (5, 1, 2) 0.3562178462491773 0.055193400941211744 0.12415431709181601 0.3801449187988178 0.08428951691897707
34 (5, 1, 3) 0.2 0.2 0.2 0.2 0.2
35 (5, 2, -3) 0.2 0.2 0.2 0.2 0.2
36 (5, 2, -2) 0.3120141513562345 0.11109371925592683 0.19652162927741537 0.21770264064153863 0.16266785946888476
37 (5, 2, -1) 0.2 0.2 0.2 0.2 0.2
38 (5, 2, 0) 0.2 0.2 0.2 0.2 0.2
39 (5, 2, 1) 0.2 0.2 0.2 0.2 0.2
40 (5, 2, 2) 0.005739486884881336 0.9845702769106389 0.0003632165286378624 0.0008416269609733326 0.008485392714868523
41 (5, 2, 3) 0.2 0.2 0.2 0.2 0.2
42 (7, 0, -3) 0.020691579182775102 0.48590089144874143 0.003228548617452074 0.4809231097446788 0.009255871006352674
43 (7, 0, -2) 0.0012754638340114353 0.989305239703228 8.028601746438405e-05 0.008064646851599631 0.0012743635936965341
44 (7, 0, -1) 0.0372409554368853 0.8635034865247492 0.00021416929098618085 0.0002718592072763752 0.0987695295401031
45 (7, 0, 0) 0.06806488121930933 0.7968300233312796 0.0007471794679124362 0.10604799474435402 0.02830992123714453
46 (7, 0, 1) 0.02071320929251954 0.9703109294803295 0.001345843918271617 0.0017884646799594692 0.005841552628919958
47 (7, 0, 2) 0.07658392157399226 0.7042252240714062 0.03278356903576558 0.060019033658780654 0.12638825166005524
48 (7, 0, 3) 0.0033063805387623596 0.25424584532190375 0.12552123125115866 0.004550910941808891 0.6123756319463664
49 (7, 1, -3) 0.028869127281126422 0.04757150529025219 0.041016848505834036 0.016225084799327213 0.8663174341234602
50 (7, 1, -2) 0.2 0.2 0.2 0.2 0.2
51 (7, 1, -1) 0.2 0.2 0.2 0.2 0.2
52 (7, 1, 0) 0.2 0.2 0.2 0.2 0.2
53 (7, 1, 1) 0.2 0.2 0.2 0.2 0.2
54 (7, 1, 2) 0.2 0.2 0.2 0.2 0.2
55 (7, 1, 3) 0.0894578637054798 0.5361843062585867 7.697898239981501e-05 0.36366098673753566 0.010619864315998111
56 (7, 2, -3) 0.020286266342576242 0.8735198752908186 0.01323770999222164 0.01813606024210225 0.07482008813228123
57 (7, 2, -2) 0.2 0.2 0.2 0.2 0.2
58 (7, 2, -1) 0.2 0.2 0.2 0.2 0.2
59 (7, 2, 0) 0.2 0.2 0.2 0.2 0.2
60 (7, 2, 1) 0.2 0.2 0.2 0.2 0.2
61 (7, 2, 2) 0.2 0.2 0.2 0.2 0.2
62 (7, 2, 3) 0.001192402117322277 0.1517427482635265 0.19751931735603834 0.002127813034248652 0.6474177192288642
63 (0, 0, 0) 0.014762762346863578 0.9834511776556168 0.0017860599971963856 1.6164562021227015e-13 1.6164562021227015e-13
