7.407041768259711 9.800083740040222 8.925773229151824 8.79867007010799 8.596064784491308
9.503888221410286 9.951835776942735 9.800349469002917 8.736127439317283 8.762191574834752
9.217128797342113 11.558269402902551 10.821762449829754 10.784622773695823 8.660602032933214
9.962159281452863 12.26239802910447 11.8037573102023 10.858745575257073 11.032844022384241
8.160126420874997 9.479945795538075 8.076062163664613 8.563284200954904 9.154259268550597
7.908079634301535 10.02400710174125 9.253138852969553 8.002432262558683 8.605764831818682
9.088761603538467 10.097452242153828 8.285733755339443 8.843899642225205 8.944450062996477
0.0 0.0 0.0 0.0 0.0
0.0 0.0 0.0 0.0 0.0
10.151466232329229 10.256781994908255 10.687225239083428 9.44632593152684 9.115004853278545
0.0 0.0 0.0 0.0 0.0
7.939218731908033 10.76067772083077 8.232548103617969 7.9604648215296985 8.28031188320182
0.0 0.0 0.0 0.0 0.0
0.0 0.0 0.0 0.0 0.0
0.0 0.0 0.0 0.0 0.0
0.0 0.0 0.0 0.0 0.0
8.522857347670138 11.762198830559486 9.585730366696755 8.78031066476756 10.323034461173668
0.0 0.0 0.0 0.0 0.0
8.393255296292041 8.688142091127322 10.294042777660241 9.046465750265424 8.197738649872186
0.0 0.0 0.0 0.0 0.0
0.0 0.0 0.0 0.0 0.0
8.358902820403186 11.455439500339773 11.160505107427825 8.91462816177126 11.57202389076242
7.8050896961745435 5.858167308530744 9.93867845270054 8.927028571798491 9.242429009963123
8.503523184732089 9.738621120723783 9.228136515633903 8.071023270674317 10.513326913367024
10.854635572053619 13.132492840050368 10.703545736478924 10.760762150600574 13.508747850321754
8.021660844046265 11.212230902380012 8.26902000798408 9.197129629131636 8.5338250044361
8.012600249012692 10.856303053027863 9.508591706716397 8.905005151169693 11.65431367543457
9.29602241726736 8.717913720502766 9.354822590617896 9.396264677418463 10.935978762797582
0.0 0.0 0.0 0.0 0.0
8.269243330541451 9.463881133287376 9.466029645212592 8.478034908318358 10.105109416370253
0.0 0.0 0.0 0.0 0.0
0.0 0.0 0.0 0.0 0.0
0.0 0.0 0.0 0.0 0.0
9.022206852593893 8.08985731589553 8.495198259181377 9.054711889550074 8.301564368317768
0.0 0.0 0.0 0.0 0.0
0.0 0.0 0.0 0.0 0.0
9.918639189848706 9.402301999351597 9.687501166957942 9.73867996694966 9.592970142982095
0.0 0.0 0.0 0.0 0.0
0.0 0.0 0.0 0.0 0.0
0.0 0.0 0.0 0.0 0.0
9.677846902684824 12.250264635397942 8.297783933492727 8.717952794888507 9.873335086476393
0.0 0.0 0.0 0.0 0.0
8.454616615429472 10.032755546081571 7.525769553962909 10.027606909222861 8.052382234846803
8.927143932556612 12.253990439983472 7.5444090796866226 9.84923394206072 8.926712436538008
9.654117323086766 11.225911736569309 7.074918520284939 7.194177285444315 10.141807344808193
11.905358730012473 13.135448729806466 9.649403101509908 12.127073923206876 11.466734195566021
8.814414220364133 10.737836689945773 7.447539039360657 7.589707172504359 8.181526718261859
9.11736860822251 10.226724144201981 8.693138754348897 8.995505901208004 9.367854297259619
7.185292180729346 9.356515978534294 9.003602590384942 7.345028841552655 9.796038067554106
8.84628368295029 9.096014277789621 9.021888761703012 8.558176545492374 10.547022997725822
0.0 0.0 0.0 0.0 0.0
0.0 0.0 0.0 0.0 0.0
0.0 0.0 0.0 0.0 0.0
0.0 0.0 0.0 0.0 0.0
0.0 0.0 0.0 0.0 0.0
9.94080623606916 10.83616135561506 6.411810952034799 10.64203341642163 8.875285496882324
8.571146325266884 10.4524397056135 8.35770905126211 8.51512538158672 9.223717467565432
0.0 0.0 0.0 0.0 0.0
0.0 0.0 0.0 0.0 0.0
0.0 0.0 0.0 0.0 0.0
0.0 0.0 0.0 0.0 0.0
0.0 0.0 0.0 0.0 0.0
7.258247832867006 9.68135622432004 9.813181098094205 7.547810257503268 10.40675875909081
12.618861329460591 14.718341350778436 11.56281339066652 0.0 0.0
