0 (3, 0, -3) 0.09101071585530564 0.30642872697090434 0.5310169416380766 0.05624833116635066 0.015295284369362932
1 (3, 0, -2) 0.2362454613346683 0.41696830554604764 0.15467659024301653 0.05596616221042933 0.13614348066583815
2 (3, 0, -1) 0.04539104581535283 0.16889022681239432 0.27271042953039376 0.4446919340542375 0.06831636378762146
3 (3, 0, 0) 0.07074842469315704 0.6156482773339356 0.2619049509296112 0.02285271148190436 0.02884563556139193
4 (3, 0, 1) 0.0038592542734765564 0.9675882102572535 0.006975836362250618 0.017220733886928883 0.004355965220090443
5 (3, 0, 2) 0.0021004498868951236 0.9538981472303526 0.035034471689464976 0.005209494464493459 0.0037574367287938203
6 (3, 0, 3) 0.07203904760320409 0.15955212447627146 0.4808923037031692 0.15399028128565323 0.13352624293170204
7 (3, 1, -3) 0.2 0.2 0.2 0.2 0.2
8 (3, 1, -2) 0.2 0.2 0.2 0.2 0.2
9 (3, 1, -1) 0.031504778157351386 0.1474777607164422 0.26263139859164375 0.25948927018896906 0.2988967923455935
10 (3, 1, 0) 0.2 0.2 0.2 0.2 0.2
11 (3, 1, 1) 0.011211873380213334 0.7239587623368379 0.2539624911045178 0.004491425480605216 0.006375447697825663
12 (3, 1, 2) 0.2 0.2 0.2 0.2 0.2
13 (3, 1, 3) 0.2 0.2 0.2 0.2 0.2
14 (3, 2, -3) 0.2 0.2 0.2 0.2 0.2
15 (3, 2, -2) 0.2 0.2 0.2 0.2 0.2
16 (3, 2, -1) 0.01985186517334427 0.7885865062074067 0.07414842952459391 0.05958254401247343 0.05783065508218185
17 (3, 2, 0) 0.2 0.2 0.2 0.2 0.2
18 (3, 2, 1) 0.02562506125552495 0.6723154712211404 0.2532753954602981 0.04445850976288923 0.004325562300147287
19 (3, 2, 2) 0.2 0.2 0.2 0.2 0.2
20 (3, 2, 3) 0.2 0.2 0.2 0.2 0.2
21 (5, 0, -3) 0.008021215707375582 0.1344284380649587 0.022555393144304697 0.0007559356036692881 0.8342390174796918
22 (5, 0, -2) 0.22419198137060312 0.0049887272688936045 0.11761120034784404 0.1135554498343291 0.5396526411783302
23 (5, 0, -1) 0.09704645980641043 0.034209194940856155 0.002899659646826073 0.004108071350059285 0.8617366142558481
24 (5, 0, 0) 0.028543517135489697 0.38849766682336606 0.05135133872929127 0.045780746909473646 0.4858267304023793
25 (5, 0, 1) 0.0003825257670359633 0.033807906084791534 0.006648288188809476 0.00934902041727403 0.949812259542089
26 (5, 0, 2) 0.027512758048240462 0.37463930665684664 0.04900645799139619 0.23064621698124585 0.3181952603222708
27 (5, 0, 3) 0.03965763746802085 0.4964365957608998 0.03214771858258966 0.032072114170866216 0.3996859340176236
28 (5, 1, -3) 0.2 0.2 0.2 0.2 0.2
29 (5, 1, -2) 0.031168188030173922 0.019449664853827753 0.0039830646744070395 0.10163493040736946 0.8437641520342218
30 (5, 1, -1) 0.2 0.2 0.2 0.2 0.2
31 (5, 1, 0) 0.2 0.2 0.2 0.2 0.2
32 (5, 1, 1) 0.2 0.2 0.2 0.2 0.2
33 (5, 1, 2) 0.25455256373656193 0.5244696098632007 0.13657963550376087 0.011042050185893491 0.07335614071058304
34 (5, 1, 3) 0.2 0.2 0.2 0.2 0.2
35 (5, 2, -3) 0.2 0.2 0.2 0.2 0.2
36 (5, 2, -2) 0.04095472090395906 0.06724277447564933 0.012006151164273605 0.029125814888170433 0.8506705385679475
37 (5, 2, -1) 0.2 0.2 0.2 0.2 0.2
38 (5, 2, 0) 0.2 0.2 0.2 0.2 0.2
39 (5, 2, 1) 0.2 0.2 0.2 0.2 0.2
40 (5, 2, 2) 0.00015276904401361646 0.1552971651205108 0.024703889202731893 0.020778593851131285 0.7990675827816124
41 (5, 2, 3) 0.2 0.2 0.2 0.2 0.2
42 (7, 0, -3) 0.0780048861766664 0.40821114471496034 0.0002705537482981825 0.5062449071920927 0.00726850816798244
43 (7, 0, -2) 0.032254128016341185 0.7347513182389456 0.03507320100617251 0.07252258104435404 0.1253987716941867
44 (7, 0, -1) 0.04748727480427911 0.8879116138067764 0.0026480276141484255 0.03526746101449534 0.0266856227603007
45 (7, 0, 0) 0.019579260058504425 0.9224120847579372 0.0004212061315104524 0.04324717367696872 0.014340275375079125
46 (7, 0, 1) 0.01067296539645543 0.9672797892180874 0.009595442594313653 0.004145394577810792 0.00830640821333285
47 (7, 0, 2) 0.07307503842088608 0.837390955981188 0.008168895860093438 0.017560821709388396 0.06380428802844393
48 (7, 0, 3) 0.026747729232745668 0.8998173344690404 0.05651168906538563 0.006391379646441007 0.010531867586387264
49 (7, 1, -3) 0.004661848443857823 0.046829560157487175 0.05704093258140185 0.0020876868469698593 0.8893799719702832
50 (7, 1, -2) 0.2 0.2 0.2 0.2 0.2
51 (7, 1, -1) 0.2 0.2 0.2 0.2 0.2
52 (7, 1, 0) 0.2 0.2 0.2 0.2 0.2
53 (7, 1, 1) 0.2 0.2 0.2 0.2 0.2
54 (7, 1, 2) 0.2 0.2 0.2 0.2 0.2
55 (7, 1, 3) 0.07764222822982196 0.806531876722622 0.011858096516619602 0.08153248629705655 0.022435312233879852
56 (7, 2, -3) 0.039061393896115286 0.3922228999743049 0.04220784260749395 0.013241901415109511 0.5132659621069764
57 (7, 2, -2) 0.2 0.2 0.2 0.2 0.2
58 (7, 2, -1) 0.2 0.2 0.2 0.2 0.2
59 (7, 2, 0) 0.2 0.2 0.2 0.2 0.2
60 (7, 2, 1) 0.2 0.2 0.2 0.2 0.2
61 (7, 2, 2) 0.2 0.2 0.2 0.2 0.2
62 (7, 2, 3) 0.022284994396183037 0.06826000334592493 0.11720354973301121 0.006138049016563742 0.786113403508317
63 (0, 0, 0) 0.06247801633536054 0.91929296739349 0.0182290162691375 1.005947298468388e-12 1.005947298468388e-12
