9.114196039282755 9.721200006116876 9.996104374109576 8.873595597410187 8.22247969603427
9.705677311902754 9.989746740961726 9.49390984572596 8.985615265380252 9.430096301701694
9.686077658798224 10.343044709563115 10.582625497647102 10.827111110070762 9.89049489277641
10.905662146919369 11.987434922746841 11.56008783930625 10.340631899050237 10.45707636226338
7.888086041842176 10.650252353206062 8.184075170678543 8.635906114325861 7.948622166470986
8.310283581182997 11.369486255282647 9.717374045463878 8.76444921400823 8.601076306292512
8.514133148671565 8.911714332786659 9.463350670861299 8.893973744699432 8.822678016150267
0.0 0.0 0.0 0.0 0.0
0.0 0.0 0.0 0.0 0.0
8.929987578608735 9.701756662481369 9.990293729103996 9.984275644543006 10.054967136528159
0.0 0.0 0.0 0.0 0.0
8.168757728297116 10.252638274629454 9.728864349945315 7.711356123469348 7.886498216141123
0.0 0.0 0.0 0.0 0.0
0.0 0.0 0.0 0.0 0.0
0.0 0.0 0.0 0.0 0.0
0.0 0.0 0.0 0.0 0.0
9.662202240914146 11.503174312970154 10.321087702183792 10.211734580595937 10.196812757772504
0.0 0.0 0.0 0.0 0.0
8.911271574776501 10.544850001612556 10.05672486898166 9.186764355504293 8.021757232582797
0.0 0.0 0.0 0.0 0.0
0.0 0.0 0.0 0.0 0.0
9.18194750292501 10.591418504725127 9.6988896060897 8.00100296211814 11.50416248200001
9.029942728133005 7.127281766341899 8.707383491884599 8.689836987102435 9.469154193644636
10.288906218838415 9.767558536308842 8.533607986853289 8.707788133622126 11.380786139415498
10.951423380241312 12.256852042456408 11.245053963719037 11.187640275154394 12.368634479625745
7.157001071599215 9.397828044676924 8.584660406348569 8.755116487994508 11.065612874956607
8.695731215957856 10.001388159989947 8.984382345483585 9.758848807055989 9.919738913155982
9.137583181049328 10.401169291679198 9.032612148463611 9.0314348727933 10.292780942085686
0.0 0.0 0.0 0.0 0.0
9.207963263503627 8.972179202760017 8.179290054224497 9.798957923024721 10.857200790798542
0.0 0.0 0.0 0.0 0.0
0.0 0.0 0.0 0.0 0.0
0.0 0.0 0.0 0.0 0.0
9.94619837847186 10.307638445002263 9.634898629897549 8.37730006692779 9.324107812012135
0.0 0.0 0.0 0.0 0.0
0.0 0.0 0.0 0.0 0.0
9.528706409033036 9.776627649895039 8.915182422649806 9.358285310154612 11.045485318608044
0.0 0.0 0.0 0.0 0.0
0.0 0.0 0.0 0.0 0.0
0.0 0.0 0.0 0.0 0.0
7.329379750982655 10.791463996023532 9.872274102556327 9.78575541563906 11.610516521334947
0.0 0.0 0.0 0.0 0.0
9.449316992854417 10.276823534894085 6.617289008532651 10.384441538096667 8.262706792162517
8.906239446013778 10.46918247795024 8.948135095613456 9.31136541625869 9.585165844759553
9.973567590006953 11.437772803879428 8.530244235023037 9.82481707913242 9.685399175351131
11.41496456036977 13.34122517266407 9.495412666722158 11.811195078881743 11.259265156650228
8.183511808054439 10.436898730646776 8.130298963167263 7.71065382403897 8.058168480570963
9.370254704672186 10.589656812991297 8.274678163334695 8.657346477035162 9.302421485571635
8.540195402101777 10.298066501991995 8.914194362913847 7.8244456875781925 8.074173446005615
7.55072019778002 8.704271497563838 8.802898744938055 7.149042522783844 10.176276461768854
0.0 0.0 0.0 0.0 0.0
0.0 0.0 0.0 0.0 0.0
0.0 0.0 0.0 0.0 0.0
0.0 0.0 0.0 0.0 0.0
0.0 0.0 0.0 0.0 0.0
8.523577490964623 9.693893473040369 7.584027204575762 8.548022535114425 7.902839840564929
8.631669378467855 9.785017223334448 8.67040509682704 8.090795148855143 9.9194991507886
0.0 0.0 0.0 0.0 0.0
0.0 0.0 0.0 0.0 0.0
0.0 0.0 0.0 0.0 0.0
0.0 0.0 0.0 0.0 0.0
0.0 0.0 0.0 0.0 0.0
8.146403363829597 8.706108582609005 8.976402668615332 7.501700057321338 9.927997117008356
12.426075455041532 13.7704705073659 11.810175389443215 0.0 0.0
