0 (3, 0, -3) 0.6091649662430219 0.030185397121695205 0.2668475499435951 0.08939337914900568 0.004408707542682316
1 (3, 0, -2) 0.20238937650855945 0.5853012353587896 0.017882775432961455 0.1232902937841936 0.07113631891549581
2 (3, 0, -1) 0.05355378499087541 0.10445156504459628 0.36238901838859594 0.33266584492316265 0.14693978665276974
3 (3, 0, 0) 0.05529678180092722 0.5827015639451322 0.14668681666229869 0.08917922622387023 0.12613561136777166
4 (3, 0, 1) 0.028847719500794684 0.8839515546647136 0.038463720026134136 0.02307136138473472 0.02566564442362285
5 (3, 0, 2) 0.0007590212081793796 0.9471371459170835 0.0030280965703858476 0.023645380859386753 0.025430355444964536
6 (3, 0, 3) 0.015757997782309963 0.7409068174292898 0.16795309447671822 0.06297780795234213 0.012404282359340005
7 (3, 1, -3) 0.2 0.2 0.2 0.2 0.2
8 (3, 1, -2) 0.2 0.2 0.2 0.2 0.2
9 (3, 1, -1) 0.3217137392212453 0.36252471075528764 0.19262172664176364 0.09298955526687103 0.030150268114832356
10 (3, 1, 0) 0.2 0.2 0.2 0.2 0.2
11 (3, 1, 1) 0.022619556411894014 0.2814053800363404 0.4399722928727003 0.061457257515073534 0.1945455131639917
12 (3, 1, 2) 0.2 0.2 0.2 0.2 0.2
13 (3, 1, 3) 0.2 0.2 0.2 0.2 0.2
14 (3, 2, -3) 0.2 0.2 0.2 0.2 0.2
15 (3, 2, -2) 0.2 0.2 0.2 0.2 0.2
16 (3, 2, -1) 0.009424876039090974 0.41435691963321936 0.23849243110813992 0.024332633773079586 0.3133931394464703
17 (3, 2, 0) 0.2 0.2 0.2 0.2 0.2
18 (3, 2, 1) 0.005050532594494779 0.9356671659627572 0.0032989995465849448 0.05377274186312985 0.002210560033033227
19 (3, 2, 2) 0.2 0.2 0.2 0.2 0.2
20 (3, 2, 3) 0.2 0.2 0.2 0.2 0.2
21 (5, 0, -3) 0.599528787945419 0.04469703180629071 0.176150626456925 0.04686128814263982 0.13276226564872567
22 (5, 0, -2) 0.3748710207184248 0.0003750229857921515 0.08804149621430604 0.024586359579869807 0.5121261005016072
23 (5, 0, -1) 0.05866755901996735 0.04115617960726715 0.2947375483694109 0.004496490892777164 0.6009422221105775
24 (5, 0, 0) 0.016996829866964182 0.46932193224700713 0.014421764937920032 0.006823494054669007 0.4924359788934397
25 (5, 0, 1) 0.0016033758207756284 0.024780907232855403 0.005621887384548306 0.01224521675897567 0.9557486128028451
26 (5, 0, 2) 0.012496865283321817 0.01218383343984139 0.0007899260824031022 0.04143551756975874 0.933093857624675
27 (5, 0, 3) 0.00886717118885491 0.023581308082290937 0.03556808009008628 0.05215860746767343 0.8798248331710944
28 (5, 1, -3) 0.2 0.2 0.2 0.2 0.2
29 (5, 1, -2) 0.18491955603722324 0.013616686170126364 0.15871563934292013 0.01961107848458168 0.6231370399651485
30 (5, 1, -1) 0.2 0.2 0.2 0.2 0.2
31 (5, 1, 0) 0.2 0.2 0.2 0.2 0.2
32 (5, 1, 1) 0.2 0.2 0.2 0.2 0.2
33 (5, 1, 2) 0.03821930598626412 0.046186682107157304 0.030196625749450635 0.44402223576086697 0.44137515039626113
34 (5, 1, 3) 0.2 0.2 0.2 0.2 0.2
35 (5, 2, -3) 0.2 0.2 0.2 0.2 0.2
36 (5, 2, -2) 0.24187150949124864 0.06096813260231252 0.13616084796796743 0.08357023632456909 0.4774292736139024
37 (5, 2, -1) 0.2 0.2 0.2 0.2 0.2
38 (5, 2, 0) 0.2 0.2 0.2 0.2 0.2
39 (5, 2, 1) 0.2 0.2 0.2 0.2 0.2
40 (5, 2, 2) 0.012864596943832983 0.8605246386486327 0.006199117353251442 0.005449229200112684 0.11496241785417029
41 (5, 2, 3) 0.2 0.2 0.2 0.2 0.2
42 (7, 0, -3) 0.25134926771145416 0.4986511729558292 3.577575432259755e-05 0.23452048067188602 0.015443302906508041
43 (7, 0, -2) 0.2695376964848441 0.09003008848537283 0.02267836223604522 0.22079527865737594 0.3969585741363619
44 (7, 0, -1) 0.0796179753910027 0.641158270945212 0.0021575027580287387 0.03148769369108424 0.24557855721467223
45 (7, 0, 0) 0.03490236753252247 0.7457718183847547 0.00041736161118213766 0.17846216529193562 0.04044628717960495
46 (7, 0, 1) 0.019292130429149672 0.19579461249791066 0.013811615982416349 0.00638595489667893 0.7647156861938443
47 (7, 0, 2) 0.06725894410961031 0.8077902138000266 0.010315301112267312 0.09862002895888242 0.016015512019213446
48 (7, 0, 3) 0.11288534043114208 0.3255243328569147 0.02025956477074581 0.06994444821715821 0.47138631372403933
49 (7, 1, -3) 0.0006505965356509764 0.0085435205355823 0.00031729610764537325 0.001003007324161692 0.9894855794969597
50 (7, 1, -2) 0.2 0.2 0.2 0.2 0.2
51 (7, 1, -1) 0.2 0.2 0.2 0.2 0.2
52 (7, 1, 0) 0.2 0.2 0.2 0.2 0.2
53 (7, 1, 1) 0.2 0.2 0.2 0.2 0.2
54 (7, 1, 2) 0.2 0.2 0.2 0.2 0.2
55 (7, 1, 3) 0.030800489929470095 0.6134762976525302 0.000291906050685751 0.3334140202342766 0.022017286133037283
56 (7, 2, -3) 0.26969708115201096 0.2915339697637648 0.06305390468120421 0.021355195030802656 0.3543598493722175
57 (7, 2, -2) 0.2 0.2 0.2 0.2 0.2
58 (7, 2, -1) 0.2 0.2 0.2 0.2 0.2
59 (7, 2, 0) 0.2 0.2 0.2 0.2 0.2
60 (7, 2, 1) 0.2 0.2 0.2 0.2 0.2
61 (7, 2, 2) 0.2 0.2 0.2 0.2 0.2
62 (7, 2, 3) 0.035975389368831434 0.7609939556760379 0.06748891098792172 0.023225161645799828 0.11231658232140898
63 (0, 0, 0) 0.09344428094837634 0.9025734103303443 0.003982308720474708 4.0227505284253554e-13 4.0227505284253554e-13
