10.592261649903165 9.089896228334473 10.179555854793012 9.632740404474278 8.12800788026497
9.891362318210524 10.422328917464093 8.678184585623724 9.64353643737002 9.368564604471487
9.414870051420854 9.74888854928652 10.370885949130077 10.328096072239816 9.919538257633466
11.524659188584636 12.70213941186212 12.012451740378706 11.76362589410599 11.936980637244627
9.299731649525325 11.010917307353786 9.443573908009352 9.188012218736757 9.241292830364246
8.20299338309298 11.76757811502607 8.894823276714888 9.922440054629996 9.958827941310693
9.298265081063795 11.22352849748491 10.4814334354574 9.990982269824435 9.17861194729444
0.0 0.0 0.0 0.0 0.0
0.0 0.0 0.0 0.0 0.0
10.424200047549485 10.483915296579493 10.16773312682949 9.803612565737263 9.240465884709007
0.0 0.0 0.0 0.0 0.0
9.951818571341143 11.212309272971725 11.435767018405116 10.451582108028905 11.027744209576124
0.0 0.0 0.0 0.0 0.0
0.0 0.0 0.0 0.0 0.0
0.0 0.0 0.0 0.0 0.0
0.0 0.0 0.0 0.0 0.0
9.1217032307925 11.013390803907843 10.737195727558843 9.595936141852002 10.87375615982241
0.0 0.0 0.0 0.0 0.0
8.927098189098148 11.53798124876663 8.714160965509942 10.109734679084127 8.51397428412652
0.0 0.0 0.0 0.0 0.0
0.0 0.0 0.0 0.0 0.0
9.927351390840128 8.629232942655458 9.314949124802116 8.652875355157326 9.173559420447143
9.139898004923687 5.686223014172957 8.415511119507336 7.7777028941599315 9.295892436273844
9.477042599941806 9.299786185813 10.284141788434455 8.192747787014698 10.640348538360083
11.184943919730598 12.844074973437795 11.102799755357664 10.72861632830075 12.868112725638007
8.691074759579413 10.06005585582115 9.318352832845884 9.707586808349532 11.886266572884487
9.641804174928259 9.62912022971571 8.261157304927682 10.241134469840134 11.798318153894305
8.808269193585597 9.297318464235069 9.502815584818324 9.69423589030579 11.106952697557821
0.0 0.0 0.0 0.0 0.0
9.110092946000709 7.805780479340383 9.033689581491242 7.988179814540647 9.717515728080336
0.0 0.0 0.0 0.0 0.0
0.0 0.0 0.0 0.0 0.0
0.0 0.0 0.0 0.0 0.0
8.71131523614809 8.805990591246474 8.593509940014329 9.937582166880741 9.934592443517051
0.0 0.0 0.0 0.0 0.0
0.0 0.0 0.0 0.0 0.0
9.382676266588918 8.693648605926331 9.095391396539682 8.851316666207447 9.722680965703
0.0 0.0 0.0 0.0 0.0
0.0 0.0 0.0 0.0 0.0
0.0 0.0 0.0 0.0 0.0
9.39591252271387 11.497444089018975 9.03087642469483 8.966410048676368 10.490975601767946
0.0 0.0 0.0 0.0 0.0
9.349820008488221 9.692351669685843 4.921155835844904 9.315169730978209 7.954985990399179
9.532703934644877 8.984421772022994 8.29505543876023 9.432967772182447 9.726265770530977
9.866702783156994 10.909721008228146 8.062558549890914 9.402881235243306 10.429891281083036
11.496606825119324 13.027539332829543 9.283428362930495 12.312517802663699 11.570316918559364
8.82455708532095 9.983241561027015 8.65746344181269 8.27175896954618 10.664460510190606
9.075925283154424 10.318801473590772 8.138464448271803 9.267287466597462 8.358429156267892
8.987946299516928 9.517478598044875 8.129073499154995 8.748610656000642 9.702598969370444
8.061996667801747 9.349516044483083 7.702969538916421 8.27843086831055 11.725522058412205
0.0 0.0 0.0 0.0 0.0
0.0 0.0 0.0 0.0 0.0
0.0 0.0 0.0 0.0 0.0
0.0 0.0 0.0 0.0 0.0
0.0 0.0 0.0 0.0 0.0
9.418851229379301 10.914656745438018 7.089424294696547 10.60977844191475 9.25099987012799
9.486884643728827 9.525813206648603 8.76022993517654 8.218882458494415 9.623391400208764
0.0 0.0 0.0 0.0 0.0
0.0 0.0 0.0 0.0 0.0
0.0 0.0 0.0 0.0 0.0
0.0 0.0 0.0 0.0 0.0
0.0 0.0 0.0 0.0 0.0
9.190436608766628 10.716331778362214 9.505000722111843 8.971637193084197 9.759679826632878
13.085625191599325 14.219567539104697 11.507873390930035 0.0 0.0
