0 (3, 0, -3) 0.02010507390323466 0.2974709563201161 0.6496131958041587 0.01708029307966627 0.015730480892824382
1 (3, 0, -2) 0.014423514596222917 0.2575949842979215 0.10010027861701164 0.053778324769400525 0.5741028977194433
2 (3, 0, -1) 0.11114635972250869 0.03267311094844318 0.8387432674680425 0.005380027220566156 0.01205723464043933
3 (3, 0, 0) 0.020384569427672163 0.4585847853698444 0.44021926643199366 0.022587510866911974 0.05822386790357766
4 (3, 0, 1) 0.03172808062858374 0.6794356717524921 0.26142109977114786 0.011875503505361209 0.015539644342415067
5 (3, 0, 2) 0.1368313918286283 0.18185985263026305 0.02367683689832328 0.4132280922432479 0.24440382639953745
6 (3, 0, 3) 0.010887584747641758 0.9068278087090798 0.004088980791439111 0.02707440250383581 0.05112122324800337
7 (3, 1, -3) 0.2 0.2 0.2 0.2 0.2
8 (3, 1, -2) 0.2 0.2 0.2 0.2 0.2
9 (3, 1, -1) 0.2712908625730274 0.5028157996663547 0.0626851954584474 0.10371455143051843 0.05949359087165207
10 (3, 1, 0) 0.2 0.2 0.2 0.2 0.2
11 (3, 1, 1) 0.01031079256360831 0.4412357868768809 0.48719017296514605 0.02304061463506544 0.03822263295929936
12 (3, 1, 2) 0.2 0.2 0.2 0.2 0.2
13 (3, 1, 3) 0.2 0.2 0.2 0.2 0.2
14 (3, 2, -3) 0.2 0.2 0.2 0.2 0.2
15 (3, 2, -2) 0.2 0.2 0.2 0.2 0.2
16 (3, 2, -1) 0.08858067107964696 0.5165741211493964 0.08774156587608248 0.20229071214738212 0.10481292974749208
17 (3, 2, 0) 0.2 0.2 0.2 0.2 0.2
18 (3, 2, 1) 0.02551517874620106 0.8217879678351446 0.12421103032662562 0.021245958384749332 0.00723986470727943
19 (3, 2, 2) 0.2 0.2 0.2 0.2 0.2
20 (3, 2, 3) 0.2 0.2 0.2 0.2 0.2
21 (5, 0, -3) 0.009003186353348317 0.0144419084328208 0.04395663814695922 0.00412022133481811 0.9284780457320535
22 (5, 0, -2) 0.09522336710600929 0.001043204669461489 0.13540200378733921 0.099388134940051 0.6689432894971391
23 (5, 0, -1) 0.08504154735482013 0.030723373227625247 0.5690355359398257 0.06375404883822276 0.2514454946395061
24 (5, 0, 0) 0.0017358470891589244 0.41301877613548343 0.004103922352739568 0.007118548034228653 0.5740229063883895
25 (5, 0, 1) 0.021129665139173127 0.09896103181718084 0.09672229039738824 0.006296058418430364 0.7768909542278274
26 (5, 0, 2) 0.0015926662515060334 0.28200016556331003 0.0009108315421153954 0.00856389249477046 0.7069324441482981
27 (5, 0, 3) 0.000711810936255414 0.004293850352070561 0.006186475286427648 0.00046284297970426626 0.9883450204455422
28 (5, 1, -3) 0.2 0.2 0.2 0.2 0.2
29 (5, 1, -2) 0.17017968018592192 0.20129836802921325 0.008974173838976578 0.32261875044532434 0.2969290275005639
30 (5, 1, -1) 0.2 0.2 0.2 0.2 0.2
31 (5, 1, 0) 0.2 0.2 0.2 0.2 0.2
32 (5, 1, 1) 0.2 0.2 0.2 0.2 0.2
33 (5, 1, 2) 0.1358889640940261 0.09995105962476651 0.030455575986235793 0.08449055368852632 0.6492138466064453
34 (5, 1, 3) 0.2 0.2 0.2 0.2 0.2
35 (5, 2, -3) 0.2 0.2 0.2 0.2 0.2
36 (5, 2, -2) 0.0011693235219421986 0.2482850352344657 0.00800201404815535 0.013669418113746841 0.7288742090816899
37 (5, 2, -1) 0.2 0.2 0.2 0.2 0.2
38 (5, 2, 0) 0.2 0.2 0.2 0.2 0.2
39 (5, 2, 1) 0.2 0.2 0.2 0.2 0.2
40 (5, 2, 2) 0.0004844289991300473 0.09638134438046127 0.00028438317877614263 0.007835442497018362 0.8950144009446142
41 (5, 2, 3) 0.2 0.2 0.2 0.2 0.2
42 (7, 0, -3) 0.0016031648341192067 0.3568165600694662 0.001869499184348945 0.17185033432704888 0.4678604415850167
43 (7, 0, -2) 0.0019383813603085311 0.9875061718663543 0.000772132488557659 0.00766446689064156 0.002118847394138045
44 (7, 0, -1) 0.0679155045948677 0.8614508686301399 0.0067200305880345266 0.01153370966102518 0.0523798865259328
45 (7, 0, 0) 0.1350354922599064 0.5199074957616009 0.0024228006425431564 0.2791112695050887 0.06352294183086075
46 (7, 0, 1) 0.11180542652915515 0.46501537694924683 0.07589067749590814 0.0475514688229883 0.2997370502027016
47 (7, 0, 2) 0.211574699731078 0.4233735642966934 0.05932531204044459 0.06564046917987566 0.24008595475190833
48 (7, 0, 3) 0.009467229136468329 0.012957995885095394 0.004363726266721206 0.0049844694113704785 0.9682265793003446
49 (7, 1, -3) 0.01621710458337214 0.7826203082517222 0.04848756078360794 0.0008871723860300411 0.15178785399526745
50 (7, 1, -2) 0.2 0.2 0.2 0.2 0.2
51 (7, 1, -1) 0.2 0.2 0.2 0.2 0.2
52 (7, 1, 0) 0.2 0.2 0.2 0.2 0.2
53 (7, 1, 1) 0.2 0.2 0.2 0.2 0.2
54 (7, 1, 2) 0.2 0.2 0.2 0.2 0.2
55 (7, 1, 3) 0.16082833537479713 0.6092265475367046 0.010255141283172717 0.18548727830196513 0.03420269750336036
56 (7, 2, -3) 0.008740939248644523 0.665361506595409 0.014473213004089222 0.013939877989773811 0.2974844631620834
57 (7, 2, -2) 0.2 0.2 0.2 0.2 0.2
58 (7, 2, -1) 0.2 0.2 0.2 0.2 0.2
59 (7, 2, 0) 0.2 0.2 0.2 0.2 0.2
60 (7, 2, 1) 0.2 0.2 0.2 0.2 0.2
61 (7, 2, 2) 0.2 0.2 0.2 0.2 0.2
62 (7, 2, 3) 0.002712656105485443 0.6759791829810966 0.08662589364220805 0.0007974049024410605 0.2338848623687688
63 (0, 0, 0) 0.01368929267191436 0.9841232856515052 0.0021874216761262654 2.2705664246291812e-13 2.2705664246291812e-13
