8.287389351358376 9.63456154045803 10.025091794444949 8.205865916977537 8.164703387406323
8.519697020599997 9.960961365760415 9.488353339038692 9.177702354516933 10.36167142647329
11.051849009591564 10.43970128741113 12.062377395866875 9.537771782044745 9.941257497610072
10.344409546581815 11.901093036376173 11.88065690735939 10.39571900807709 10.869168125618932
8.311629498571017 9.843659721629733 9.36609470019269 7.820267316798655 7.954725671106566
8.410740761110588 8.552984210438135 7.533614647545351 8.963365896448204 8.70077697720007
7.856212805148704 10.067377534616586 7.366549113981398 8.311695604333023 8.62950111147204
0.0 0.0 0.0 0.0 0.0
0.0 0.0 0.0 0.0 0.0
10.91106466264476 11.219580842967245 10.178531544509456 10.430290107059331 10.152403188328574
0.0 0.0 0.0 0.0 0.0
7.299853185563256 9.178047299724096 9.22758487426142 7.701886857552198 7.954971514385495
0.0 0.0 0.0 0.0 0.0
0.0 0.0 0.0 0.0 0.0
0.0 0.0 0.0 0.0 0.0
0.0 0.0 0.0 0.0 0.0
9.892307331708434 10.773959886911594 9.887548365666149 10.305203410407197 9.976439064353983
0.0 0.0 0.0 0.0 0.0
7.886173578628997 9.622278026171099 8.677527806895949 7.79462016042751 7.256338078307861
0.0 0.0 0.0 0.0 0.0
0.0 0.0 0.0 0.0 0.0
8.182749927913829 8.419027794778641 8.97556247661238 7.791914092924657 10.500734018762108
9.431822737298008 7.174858749198771 9.607834134755995 9.453226424930271 10.406559698797823
9.721127437171981 9.212069326351067 10.671528915180804 9.577073819036844 10.263170594900595
10.267296299023533 13.003295061347758 10.697520127880912 10.97290042241051 13.167883185046703
8.173926663532656 8.94595074892525 8.934509614969556 7.56854956647104 9.97623767084087
8.358375931318191 10.94662501055646 8.078972524449542 9.199448590281753 11.406138735785445
7.781580563884265 8.680143958972097 8.862734786736556 7.566368325221955 11.399567958666347
0.0 0.0 0.0 0.0 0.0
9.192242183795887 9.276208885948535 7.72099021260572 9.512050416668384 9.470561346021565
0.0 0.0 0.0 0.0 0.0
0.0 0.0 0.0 0.0 0.0
0.0 0.0 0.0 0.0 0.0
9.561035032488192 9.407456307816568 8.813250525001344 9.323435845320121 10.342997058664828
0.0 0.0 0.0 0.0 0.0
0.0 0.0 0.0 0.0 0.0
8.539447997903101 11.218524011196106 9.501081933299476 9.768815841876998 11.75698588250232
0.0 0.0 0.0 0.0 0.0
0.0 0.0 0.0 0.0 0.0
0.0 0.0 0.0 0.0 0.0
8.644415227253194 11.290963758691943 8.378091064180317 10.036136104348778 12.405227333052979
0.0 0.0 0.0 0.0 0.0
6.955738959929999 9.658360017688803 7.032584401069645 9.293061085875264 9.793834136351647
8.333843032940317 11.450507769086402 7.873616832523277 9.021213875103857 8.378352525125361
10.359765021772116 11.629941857405111 9.20317919840646 9.473269856464631 10.22989418160605
12.277535576643846 12.95159220337924 10.267228832552712 12.640572010760005 11.900467316549268
8.227753644641968 8.940408832830826 8.034020521314982 7.800279935250334 8.720826391447366
8.712160621274494 9.058999018121298 8.076389589178564 8.126967765085986 8.775370060112422
8.710523320443695 8.867461705399954 8.323268355508416 8.389768665520617 11.0243382498705
8.216978401158194 10.155268968882204 8.764598782481178 6.764087155159952 9.335187063578797
0.0 0.0 0.0 0.0 0.0
0.0 0.0 0.0 0.0 0.0
0.0 0.0 0.0 0.0 0.0
0.0 0.0 0.0 0.0 0.0
0.0 0.0 0.0 0.0 0.0
9.3126460274838 9.978572348251983 7.93636683358125 9.383970398921358 8.538629507027391
8.15323974030985 10.319396171547682 8.405380696547677 8.38660774198669 9.916911915081478
0.0 0.0 0.0 0.0 0.0
0.0 0.0 0.0 0.0 0.0
0.0 0.0 0.0 0.0 0.0
0.0 0.0 0.0 0.0 0.0
0.0 0.0 0.0 0.0 0.0
7.397972117271449 10.157089124042523 9.129807370297861 6.785811635450775 9.62642246001476
12.411217786885027 14.548786391402805 11.494272568357237 0.0 0.0
