0 (3, 0, -3) 0.0009567378979218516 0.2883532755909322 0.6690514537717304 0.009002921501942108 0.03263561123747351
1 (3, 0, -2) 0.31014600381770097 0.4774392904192393 0.03539504190782929 0.022428584420016492 0.1545910794352141
2 (3, 0, -1) 0.007234804172536465 0.8303112421200343 0.13843664316353876 0.0038476912513861514 0.020169619292504347
3 (3, 0, 0) 0.005489948913737931 0.7967977027582517 0.1367454805642014 0.030674503865973705 0.03029236389783526
4 (3, 0, 1) 0.3041022440826543 0.07793816827464137 0.38460554973882816 0.13429129521570754 0.09906274268816864
5 (3, 0, 2) 0.009563844502636797 0.9065926928307944 0.06351716907871605 0.00591348234704465 0.014412811240807948
6 (3, 0, 3) 0.011697523762722773 0.29502934689485066 0.19224722987557324 0.4988828001632769 0.0021430993035766424
7 (3, 1, -3) 0.2 0.2 0.2 0.2 0.2
8 (3, 1, -2) 0.2 0.2 0.2 0.2 0.2
9 (3, 1, -1) 0.016850110865967525 0.5295089067837672 0.27907310755404807 0.01892850977411785 0.15563936502209932
10 (3, 1, 0) 0.2 0.2 0.2 0.2 0.2
11 (3, 1, 1) 0.013119443808236032 0.9620359250574423 0.012783908137362153 0.0069029081659815975 0.005157814830977826
12 (3, 1, 2) 0.2 0.2 0.2 0.2 0.2
13 (3, 1, 3) 0.2 0.2 0.2 0.2 0.2
14 (3, 2, -3) 0.2 0.2 0.2 0.2 0.2
15 (3, 2, -2) 0.2 0.2 0.2 0.2 0.2
16 (3, 2, -1) 0.0856905009888841 0.5817091517720385 0.19611912361694983 0.11822170212059196 0.01825952150153549
17 (3, 2, 0) 0.2 0.2 0.2 0.2 0.2
18 (3, 2, 1) 0.0006519605373055013 0.9945393407779684 0.0010244628441634929 0.0026834203576373374 0.0011008154829251807
19 (3, 2, 2) 0.2 0.2 0.2 0.2 0.2
20 (3, 2, 3) 0.2 0.2 0.2 0.2 0.2
21 (5, 0, -3) 0.0004063197963933186 0.36616819418206586 0.007550164738504057 0.0009243957542421433 0.6249509255287946
22 (5, 0, -2) 0.1595619009083432 0.0029004675900863304 0.04922509213786284 0.007963985780003971 0.7803485535837037
23 (5, 0, -1) 0.006233860799640446 0.011105462873715078 0.6472582382190004 0.16994148562587888 0.16546095248176515
24 (5, 0, 0) 0.006098959017563366 0.34051068999516015 0.006530881468091113 0.01307604895432702 0.6337834205648584
25 (5, 0, 1) 0.0001106807106638999 0.9814025364228814 0.00038423244779652873 0.0014825649100292872 0.01661998550862917
26 (5, 0, 2) 0.00034770134934940537 0.06877358954456544 0.05613783926209418 0.009720651208305859 0.8650202186356851
27 (5, 0, 3) 0.020223496227107788 0.07639351451470067 0.06334446219133145 0.3098061736573263 0.5302323534095337
28 (5, 1, -3) 0.2 0.2 0.2 0.2 0.2
29 (5, 1, -2) 0.06981147665938049 0.18703650431956392 0.2409942243837621 0.12616897748625616 0.3759888171510373
30 (5, 1, -1) 0.2 0.2 0.2 0.2 0.2
31 (5, 1, 0) 0.2 0.2 0.2 0.2 0.2
32 (5, 1, 1) 0.2 0.2 0.2 0.2 0.2
33 (5, 1, 2) 0.15822566711558933 0.22077239341116225 0.16219608484675171 0.17965389425004524 0.2791519603764515
34 (5, 1, 3) 0.2 0.2 0.2 0.2 0.2
35 (5, 2, -3) 0.2 0.2 0.2 0.2 0.2
36 (5, 2, -2) 0.007887406736723954 0.003116173340160621 0.0015943049684820415 0.005675439120210764 0.9817266758344226
37 (5, 2, -1) 0.2 0.2 0.2 0.2 0.2
38 (5, 2, 0) 0.2 0.2 0.2 0.2 0.2
39 (5, 2, 1) 0.2 0.2 0.2 0.2 0.2
40 (5, 2, 2) 0.04522495920115862 0.5885201409576838 0.008096122799948613 0.024557322061555514 0.33360145497965354
41 (5, 2, 3) 0.2 0.2 0.2 0.2 0.2
42 (7, 0, -3) 0.014876403652688882 0.8989402634667849 0.003812640835823257 0.08011231206665197 0.002258379978051018
43 (7, 0, -2) 0.017075452973958814 0.9195874211833496 0.0021963538486501934 0.037653268745081146 0.023487503248960317
44 (7, 0, -1) 0.019344594163593225 0.6388478465904337 0.005291853718718529 0.004574603112336991 0.3319411024149176
45 (7, 0, 0) 0.014236885828779506 0.9155232917124895 0.0013409666360803757 0.04452392306896662 0.02437493275368408
46 (7, 0, 1) 0.002392253127340188 0.1912329707858613 0.030498415890269595 0.01212566415749322 0.7637506960390357
47 (7, 0, 2) 0.01281718359903077 0.6377272670643783 0.03145729276131417 0.005279678718249051 0.31271857785702784
48 (7, 0, 3) 0.002162828997196172 0.8499942090281823 0.05680345033959154 0.00026587839073701636 0.0907736332442931
49 (7, 1, -3) 0.006604953047396751 0.4483550229794545 0.20584742954294397 0.0005447868678961682 0.33864780756230867
50 (7, 1, -2) 0.2 0.2 0.2 0.2 0.2
51 (7, 1, -1) 0.2 0.2 0.2 0.2 0.2
52 (7, 1, 0) 0.2 0.2 0.2 0.2 0.2
53 (7, 1, 1) 0.2 0.2 0.2 0.2 0.2
54 (7, 1, 2) 0.2 0.2 0.2 0.2 0.2
55 (7, 1, 3) 0.12834727044162378 0.7111365733443759 0.008609768782242781 0.09278204627000065 0.05912434116175692
56 (7, 2, -3) 0.0032981310407757 0.81234636927454 0.062097809661063846 0.008093370510794924 0.11416431951282564
57 (7, 2, -2) 0.2 0.2 0.2 0.2 0.2
58 (7, 2, -1) 0.2 0.2 0.2 0.2 0.2
59 (7, 2, 0) 0.2 0.2 0.2 0.2 0.2
60 (7, 2, 1) 0.2 0.2 0.2 0.2 0.2
61 (7, 2, 2) 0.2 0.2 0.2 0.2 0.2
62 (7, 2, 3) 0.17147991323586712 0.002630874865419371 0.1889398156564544 0.004102328301358342 0.6328470679409008
63 (0, 0, 0) 0.02176236914667787 0.9733146047541585 0.004923026098589436 2.8706428179215604e-13 2.8706428179215604e-13
