6.690076866273237 9.544282958114053 9.965120252547507 7.810964336222562 8.454891798938016
9.828853794460581 10.044550716807823 8.743618086745418 8.515500328895198 9.480723927906602
9.558240812853882 11.929689476840315 11.03399555177886 9.242525813066699 10.070877904762732
9.75546105607868 12.244301992595496 11.36306227693729 10.615717489293536 10.609449413095
8.704346072953768 8.02362198486287 8.821773217388385 8.29566972864508 8.143540792872836
8.094285740949443 10.370137484775299 9.040945969795967 7.853908289277778 8.299349585803972
8.181234697757867 9.795083526357478 9.580937209817892 10.057731709538329 7.332672637160626
0.0 0.0 0.0 0.0 0.0
0.0 0.0 0.0 0.0 0.0
9.863852045261751 11.587648420092748 11.267410317952212 9.92200804665669 10.975444211243058
0.0 0.0 0.0 0.0 0.0
8.579217043280057 10.726695245355344 8.566262949927516 8.258140746373323 8.112425852019276
0.0 0.0 0.0 0.0 0.0
0.0 0.0 0.0 0.0 0.0
0.0 0.0 0.0 0.0 0.0
0.0 0.0 0.0 0.0 0.0
10.108585576546803 11.066199878749856 10.522575711034838 10.269495433551318 9.335557921995562
0.0 0.0 0.0 0.0 0.0
7.493232364251362 11.15825781442776 7.719202196873104 8.200664103324566 7.755143613125184
0.0 0.0 0.0 0.0 0.0
0.0 0.0 0.0 0.0 0.0
7.851462116621829 11.253315880809904 9.312554184762282 8.262461996626039 11.520606057165974
8.788642312480906 6.784862323256129 8.200628090424797 7.289891142611208 9.582296683997583
7.600741989797193 7.889462632877914 9.922116737150983 9.253471151658625 9.240111679016243
10.719210348814746 12.730374556980715 10.753422257753213 11.100542413278479 13.041004941002813
7.586339301841614 12.131383507513025 8.20863836507408 8.883778970989253 10.092195112191197
7.514456722407602 10.158072301173604 10.056567442906635 9.179788708486091 11.42403884240437
9.067226719539383 9.731753067549613 9.63809790897358 10.431777593372784 10.700461822108162
0.0 0.0 0.0 0.0 0.0
8.106885731628727 8.59963842650969 8.726373006470835 8.402797572301735 8.948766223139407
0.0 0.0 0.0 0.0 0.0
0.0 0.0 0.0 0.0 0.0
0.0 0.0 0.0 0.0 0.0
9.451708969322652 9.618263964245857 9.464100827661762 9.51521392097147 9.735575973070693
0.0 0.0 0.0 0.0 0.0
0.0 0.0 0.0 0.0 0.0
9.166417235723763 8.702086411680801 8.367002476333514 9.001857503110944 11.578440001634362
0.0 0.0 0.0 0.0 0.0
0.0 0.0 0.0 0.0 0.0
0.0 0.0 0.0 0.0 0.0
9.262449169934634 10.54543018053022 8.402317245563252 8.957129635735495 10.261598121321732
0.0 0.0 0.0 0.0 0.0
8.745402509124634 10.796122646285381 8.064675394929289 9.587229129511574 7.8028382202177085
8.879752093141319 10.872893683454798 7.854330448309976 9.275141011211957 9.039165377877453
9.562278748042209 11.310905400651492 8.914156545467884 8.841332215296614 10.983551018922368
11.251086878837958 13.332916686359884 10.069864145758721 11.821182104590957 11.519946412732352
6.919870130396591 9.110498517468306 8.192589676038779 7.731414409518049 9.802873014833214
8.590577751263897 10.544139737045867 9.039499801900654 8.147117005141844 10.187836218525874
7.78995896129478 10.776865186729383 9.424048953101577 6.741892292243613 9.658434848785769
7.745451258182675 9.854334033826127 9.465108974080179 6.497861029087702 9.714021669324898
0.0 0.0 0.0 0.0 0.0
0.0 0.0 0.0 0.0 0.0
0.0 0.0 0.0 0.0 0.0
0.0 0.0 0.0 0.0 0.0
0.0 0.0 0.0 0.0 0.0
7.977685560896063 8.833747989430659 6.626764472372416 7.815442317691097 7.590137092416877
8.022431842045153 10.775717269845448 9.490109222247213 8.471276499219435 9.794573268573256
0.0 0.0 0.0 0.0 0.0
0.0 0.0 0.0 0.0 0.0
0.0 0.0 0.0 0.0 0.0
0.0 0.0 0.0 0.0 0.0
0.0 0.0 0.0 0.0 0.0
9.733002402697828 7.6444275544805995 9.781483599153212 7.86654668027338 10.38588373188163
12.525748619582808 14.426011155798308 11.78261917449964 0.0 0.0
