0 (3, 0, -3) 0.1975931187722191 0.2045428427469019 0.2017823912624287 0.19498185175331803 0.20109979546513226
1 (3, 0, -2) 0.1980680797626297 0.2035554693562059 0.20224099860604305 0.1978248515522205 0.1983106007229008
2 (3, 0, -1) 0.19893515671169906 0.20282187464754275 0.19899693922671818 0.19896377313083122 0.2002822562832087
3 (3, 0, 0) 0.1968941572130194 0.20347924190741076 0.20373962054044134 0.19720331250397638 0.19868366783515218
4 (3, 0, 1) 0.19801255333006815 0.2078356519056696 0.19877653565633965 0.19649101458004786 0.19888424452787482
5 (3, 0, 2) 0.20067379935383997 0.20372087374963999 0.20279084138405384 0.19501439160589146 0.1978000939065747
6 (3, 0, 3) 0.19707377215463415 0.20031550690582206 0.20015213833056447 0.20188745431229146 0.20057112829668786
7 (3, 1, -3) 0.2 0.2 0.2 0.2 0.2
8 (3, 1, -2) 0.2 0.2 0.2 0.2 0.2
9 (3, 1, -1) 0.2004220017204783 0.19999309372249072 0.20138661629313565 0.2015544034297381 0.19664388483415712
10 (3, 1, 0) 0.2 0.2 0.2 0.2 0.2
11 (3, 1, 1) 0.19834225583287868 0.20684350714829447 0.19867387106328302 0.19763017857792106 0.19851018737762294
12 (3, 1, 2) 0.2 0.2 0.2 0.2 0.2
13 (3, 1, 3) 0.2 0.2 0.2 0.2 0.2
14 (3, 2, -3) 0.2 0.2 0.2 0.2 0.2
15 (3, 2, -2) 0.2 0.2 0.2 0.2 0.2
16 (3, 2, -1) 0.1949660860071857 0.19977545744835348 0.2025587710475796 0.20086207085357446 0.20183761464330663
17 (3, 2, 0) 0.2 0.2 0.2 0.2 0.2
18 (3, 2, 1) 0.20013091582696527 0.20417319315520635 0.20012656091285963 0.1957877511893751 0.19978157891559373
19 (3, 2, 2) 0.2 0.2 0.2 0.2 0.2
20 (3, 2, 3) 0.2 0.2 0.2 0.2 0.2
21 (5, 0, -3) 0.19626078465971472 0.20668315952950742 0.1973764120931938 0.19861063466489365 0.2010690090526905
22 (5, 0, -2) 0.20513367939861835 0.19393784272616277 0.19890280756681342 0.19991479362182077 0.20211087668658465
23 (5, 0, -1) 0.1969942719428306 0.19963245024077322 0.1984747624327573 0.20041926521325107 0.2044792501703878
24 (5, 0, 0) 0.19554739003229213 0.2039501011239338 0.20005885011684016 0.19641892471353425 0.20402473401339954
25 (5, 0, 1) 0.1953416960966015 0.20554867050579365 0.19793090815285574 0.19699694071763338 0.20418178452711586
26 (5, 0, 2) 0.19695512274316979 0.20177565109661313 0.19884747159078137 0.1982119754320502 0.20420977913738542
27 (5, 0, 3) 0.19731940767236517 0.202293919456102 0.19953567439184872 0.19831439526608624 0.20253660321359782
28 (5, 1, -3) 0.2 0.2 0.2 0.2 0.2
29 (5, 1, -2) 0.19762116912411498 0.20011534169453415 0.19905774563718368 0.20141466075845232 0.20179108278571492
30 (5, 1, -1) 0.2 0.2 0.2 0.2 0.2
31 (5, 1, 0) 0.2 0.2 0.2 0.2 0.2
32 (5, 1, 1) 0.2 0.2 0.2 0.2 0.2
33 (5, 1, 2) 0.19937862594713837 0.20024448128450775 0.20296935448909897 0.19594656190103094 0.20146097637822402
34 (5, 1, 3) 0.2 0.2 0.2 0.2 0.2
35 (5, 2, -3) 0.2 0.2 0.2 0.2 0.2
36 (5, 2, -2) 0.1979967433809696 0.20150651909856232 0.19898460041735555 0.19653534015220137 0.20497679695091123
37 (5, 2, -1) 0.2 0.2 0.2 0.2 0.2
38 (5, 2, 0) 0.2 0.2 0.2 0.2 0.2
39 (5, 2, 1) 0.2 0.2 0.2 0.2 0.2
40 (5, 2, 2) 0.1925701456883583 0.2041295827055548 0.20235754383807436 0.1982027247106113 0.2027400030574012
41 (5, 2, 3) 0.2 0.2 0.2 0.2 0.2
42 (7, 0, -3) 0.19902005317666663 0.20487361336894272 0.19445510075518566 0.20118429590598383 0.20046693679322114
43 (7, 0, -2) 0.20070356032381612 0.20390864850820212 0.19566351578712482 0.19963617651495513 0.20008809886590173
44 (7, 0, -1) 0.19621061633394624 0.205517809674018 0.19967122474842053 0.1965043053753754 0.20209604386823984
45 (7, 0, 0) 0.19954044049527345 0.2048910928858798 0.1928167681145958 0.20073911334220712 0.20201258516204376
46 (7, 0, 1) 0.19801040287606486 0.20692475840939353 0.19650040920104633 0.19827810165122708 0.20028632786226827
47 (7, 0, 2) 0.19641306890499827 0.20908170286783898 0.19604368796343105 0.19757179443954995 0.20088974582418168
48 (7, 0, 3) 0.1975631389825259 0.2027742915371627 0.19737563586739343 0.19915998387522305 0.20312694973769485
49 (7, 1, -3) 0.19861469352921793 0.20393299447508473 0.1960210801950082 0.19576991638049335 0.2056613154201958
50 (7, 1, -2) 0.2 0.2 0.2 0.2 0.2
51 (7, 1, -1) 0.2 0.2 0.2 0.2 0.2
52 (7, 1, 0) 0.2 0.2 0.2 0.2 0.2
53 (7, 1, 1) 0.2 0.2 0.2 0.2 0.2
54 (7, 1, 2) 0.2 0.2 0.2 0.2 0.2
55 (7, 1, 3) 0.19901137953222364 0.2036914343477632 0.19188030944595236 0.2025130087693763 0.20290386790468448
56 (7, 2, -3) 0.1999524986474446 0.20362282333302778 0.19616611359886427 0.19650413605313644 0.2037544283675269
57 (7, 2, -2) 0.2 0.2 0.2 0.2 0.2
58 (7, 2, -1) 0.2 0.2 0.2 0.2 0.2
59 (7, 2, 0) 0.2 0.2 0.2 0.2 0.2
60 (7, 2, 1) 0.2 0.2 0.2 0.2 0.2
61 (7, 2, 2) 0.2 0.2 0.2 0.2 0.2
62 (7, 2, 3) 0.198391701538564 0.20308549724860475 0.19891285358418714 0.1988608219253296 0.2007491257033145
63 (0, 0, 0) 0.21425878414837277 0.22063966577756627 0.21159368104488332 0.17675393451458876 0.17675393451458876
