7.801011437274802 10.047898472231251 9.164703966793429 6.936285602626163 8.944447173414066
8.731301965150289 10.507604782287862 10.086502558188277 8.651432715586825 8.810841381172265
9.99285883245872 11.250557033853234 10.013042494694064 10.002208278296814 10.431526093115387
9.922218085813453 12.060567479903538 12.143690414591518 10.02419843117675 10.510314670374148
7.8793467017006105 11.026464894716273 8.12965052280567 7.377954485315852 8.164861824346383
8.876157840763854 9.855713691986349 9.558294419745833 7.016680609845519 7.938610384592831
7.756765413375712 8.81727431059633 8.764241522019663 9.32536157763207 8.900167533762708
0.0 0.0 0.0 0.0 0.0
0.0 0.0 0.0 0.0 0.0
10.247141775097976 10.107891128211287 10.559230988044167 10.613363796448818 9.010142991733865
0.0 0.0 0.0 0.0 0.0
8.101264657814736 10.829210656342132 8.209849642296783 7.8674853972222 8.156275285803302
0.0 0.0 0.0 0.0 0.0
0.0 0.0 0.0 0.0 0.0
0.0 0.0 0.0 0.0 0.0
0.0 0.0 0.0 0.0 0.0
8.635178870953318 10.219124711658631 11.118467880961644 10.571712971804812 10.886639815102905
0.0 0.0 0.0 0.0 0.0
8.688251540971683 9.988049272343462 8.686837104348623 7.262115065181104 8.574692173293764
0.0 0.0 0.0 0.0 0.0
0.0 0.0 0.0 0.0 0.0
8.72561683587864 12.088891135275665 9.094057511374738 9.499246153789793 10.298868315870234
9.935266525890716 6.287196656393056 7.930305124912736 8.260176397183486 8.970314229613429
8.922961265222156 9.787674149121326 9.409635684913042 10.043356288104453 11.346931664229174
10.164761901016831 12.89948137441342 11.647335171215675 10.453816574886575 12.923262928821089
7.3993854827069665 10.710000099419535 8.255286522279349 7.947848104660558 10.276310501153647
8.92420806701086 10.495943335838199 9.545748269534624 9.337682268846464 11.275381250341383
8.828540997323982 10.44690528777749 9.554543212741303 9.155481362191878 10.524836398419994
0.0 0.0 0.0 0.0 0.0
8.455155413022498 9.270385284175616 8.925953724217795 9.691056384339129 9.81242091980071
0.0 0.0 0.0 0.0 0.0
0.0 0.0 0.0 0.0 0.0
0.0 0.0 0.0 0.0 0.0
9.26672512571838 9.548393948069123 10.426932524417364 8.1380858445995 9.942077535393283
0.0 0.0 0.0 0.0 0.0
0.0 0.0 0.0 0.0 0.0
7.914167380054326 9.056292176948382 8.23766288383449 7.432626596497961 10.166170649070557
0.0 0.0 0.0 0.0 0.0
0.0 0.0 0.0 0.0 0.0
0.0 0.0 0.0 0.0 0.0
7.596429338499219 11.385573202593651 10.818847968118973 9.47037209365872 10.941583130714205
0.0 0.0 0.0 0.0 0.0
8.518841390413057 10.403040556655618 7.010562058367665 9.221867977186001 8.989684490054662
8.833522930884246 9.863324232319664 7.1804060467679065 8.486916758224403 8.633892897211526
8.354465446982204 11.366828036517681 9.49089179131537 8.451685033997542 10.275501035888357
11.485529717585562 13.205537534450764 9.25755233652155 11.874827483128676 12.285879475988342
7.927262093988578 10.78958078379752 7.429683497067048 8.01507903964044 8.670108935633737
8.244695089136169 12.307530644769253 8.122338840344721 8.627031487875339 9.709554155706758
8.523591867585456 10.215884535330638 8.46187241041666 9.046855940631477 10.328832151506617
8.6680408578731 10.385649413865984 7.81364647569286 7.730307908331239 10.934199652317826
0.0 0.0 0.0 0.0 0.0
0.0 0.0 0.0 0.0 0.0
0.0 0.0 0.0 0.0 0.0
0.0 0.0 0.0 0.0 0.0
0.0 0.0 0.0 0.0 0.0
8.871569243880538 10.382446491627643 6.499705117403579 10.00530695620066 10.130638944719779
8.6267680572349 9.809088527923423 7.384097217117237 7.4960051855682535 9.851085608046695
0.0 0.0 0.0 0.0 0.0
0.0 0.0 0.0 0.0 0.0
0.0 0.0 0.0 0.0 0.0
0.0 0.0 0.0 0.0 0.0
0.0 0.0 0.0 0.0 0.0
8.05038795677641 9.570327938988815 8.220911561186226 8.203906625700244 8.818208946578284
12.507689434307064 14.415201735451024 11.694102675796925 0.0 0.0
