0 (3, 0, -3) 0.02544868911369374 0.6391549367754793 0.12692162758179912 0.015585990125733591 0.1928887564032943
1 (3, 0, -2) 0.00474698900772869 0.6009746896878623 0.3291216707989085 0.03755325517393527 0.027603395331565275
2 (3, 0, -1) 0.0032321952028669327 0.9072283324384826 0.058009329714311865 0.004293949302648646 0.027236193341689866
3 (3, 0, 0) 0.016981155779002437 0.6163704089652512 0.3009858479179404 0.04567924600426131 0.01998334133354459
4 (3, 0, 1) 0.05251969564853736 0.6780887879749689 0.08205459846080587 0.16922482560596447 0.01811209230972343
5 (3, 0, 2) 0.0366621601811632 0.2252768676572876 0.5089908016568124 0.19358750318102538 0.035482667323711456
6 (3, 0, 3) 0.005638634586202663 0.7667809167614862 0.1448121504296573 0.06233901321291257 0.020429285009741206
7 (3, 1, -3) 0.2 0.2 0.2 0.2 0.2
8 (3, 1, -2) 0.2 0.2 0.2 0.2 0.2
9 (3, 1, -1) 0.057629601784462046 0.16492177119289622 0.026989134284404914 0.6487239232437031 0.10173556949453381
10 (3, 1, 0) 0.2 0.2 0.2 0.2 0.2
11 (3, 1, 1) 0.017560943259156626 0.7358494853625823 0.17035245849605274 0.050975113718117145 0.02526199916409108
12 (3, 1, 2) 0.2 0.2 0.2 0.2 0.2
13 (3, 1, 3) 0.2 0.2 0.2 0.2 0.2
14 (3, 2, -3) 0.2 0.2 0.2 0.2 0.2
15 (3, 2, -2) 0.2 0.2 0.2 0.2 0.2
16 (3, 2, -1) 0.07649589712718322 0.2506409990266839 0.43226131681153207 0.21255820977530307 0.02804357725929782
17 (3, 2, 0) 0.2 0.2 0.2 0.2 0.2
18 (3, 2, 1) 0.029947986870434228 0.6982442701062513 0.014969205784833831 0.21616328097864887 0.04067525625983178
19 (3, 2, 2) 0.2 0.2 0.2 0.2 0.2
20 (3, 2, 3) 0.2 0.2 0.2 0.2 0.2
21 (5, 0, -3) 0.012618804743945262 0.8323059796914453 0.057330698819939775 0.024683700536925174 0.07306081620774467
22 (5, 0, -2) 0.39548989383689764 0.001459456757321972 0.405814762163307 0.01578166224011419 0.18145422500235922
23 (5, 0, -1) 0.10640187940203595 0.005281118991828246 0.04144133460121872 0.13289714077308704 0.71397852623183
24 (5, 0, 0) 0.003988028813565997 0.3174329854700632 0.010224572634664923 0.011624747929862103 0.6567296651518437
25 (5, 0, 1) 0.004367666900457479 0.02573869851517975 0.15989756343432526 0.005034374100293986 0.8049616970497435
26 (5, 0, 2) 0.006463560331800009 0.050180848682693464 0.1419569894781074 0.009168219213747884 0.7922303822936513
27 (5, 0, 3) 0.002744523997572529 0.5101362990716823 0.10741207041504347 0.025196740946129618 0.35451036556957205
28 (5, 1, -3) 0.2 0.2 0.2 0.2 0.2
29 (5, 1, -2) 0.35210035721525196 0.05738841823051575 0.08317149759309661 0.06329736377421105 0.4440423631869247
30 (5, 1, -1) 0.2 0.2 0.2 0.2 0.2
31 (5, 1, 0) 0.2 0.2 0.2 0.2 0.2
32 (5, 1, 1) 0.2 0.2 0.2 0.2 0.2
33 (5, 1, 2) 0.002517702053554531 0.035270890940543066 0.05717649729813258 0.004680290886871625 0.9003546188208982
34 (5, 1, 3) 0.2 0.2 0.2 0.2 0.2
35 (5, 2, -3) 0.2 0.2 0.2 0.2 0.2
36 (5, 2, -2) 0.04001549363414676 0.002337105037217266 0.08092853973223259 0.017491730795311394 0.859227130801092
37 (5, 2, -1) 0.2 0.2 0.2 0.2 0.2
38 (5, 2, 0) 0.2 0.2 0.2 0.2 0.2
39 (5, 2, 1) 0.2 0.2 0.2 0.2 0.2
40 (5, 2, 2) 0.017770580996766705 0.3847605710128293 0.02560207527074902 0.008211580173150263 0.5636551925465046
41 (5, 2, 3) 0.2 0.2 0.2 0.2 0.2
42 (7, 0, -3) 0.00024396421717390155 0.9465620493991359 0.0002517736882341122 0.010101523365852563 0.04284068932960347
43 (7, 0, -2) 0.05472881160019504 0.5902739802601312 0.10679373011981125 0.007494328328453579 0.24070914969140875
44 (7, 0, -1) 0.09173658073005196 0.2832688949444701 0.008087194883798192 0.3332785281088942 0.28362880133278556
45 (7, 0, 0) 0.005685826957759925 0.9487989409638359 0.0007074999327910954 0.030077494088823983 0.014730238056789236
46 (7, 0, 1) 0.05387262213612957 0.8160447857580583 0.025935038621998738 0.013385316212662672 0.09076223727115086
47 (7, 0, 2) 0.002629051801319119 0.7333962686965172 0.01961355591266101 0.00991811423762162 0.2344430093518811
48 (7, 0, 3) 0.01510862036133917 0.4581575730114495 0.22500088610169458 0.01385060650686652 0.28788231401865033
49 (7, 1, -3) 0.03291279495909395 0.8289080793364577 0.05207235513020009 0.008037293875967143 0.07806947669828113
50 (7, 1, -2) 0.2 0.2 0.2 0.2 0.2
51 (7, 1, -1) 0.2 0.2 0.2 0.2 0.2
52 (7, 1, 0) 0.2 0.2 0.2 0.2 0.2
53 (7, 1, 1) 0.2 0.2 0.2 0.2 0.2
54 (7, 1, 2) 0.2 0.2 0.2 0.2 0.2
55 (7, 1, 3) 0.06538613496527777 0.8439009092336611 0.007669745132398493 0.07234067093652922 0.010702539732133374
56 (7, 2, -3) 0.0038103861883164434 0.05825248790766612 0.0013672752857101145 0.001372415347369345 0.935197435270938
57 (7, 2, -2) 0.2 0.2 0.2 0.2 0.2
58 (7, 2, -1) 0.2 0.2 0.2 0.2 0.2
59 (7, 2, 0) 0.2 0.2 0.2 0.2 0.2
60 (7, 2, 1) 0.2 0.2 0.2 0.2 0.2
61 (7, 2, 2) 0.2 0.2 0.2 0.2 0.2
62 (7, 2, 3) 0.1249435044396368 0.3683608302222901 0.15070925410589459 0.0052839649145165835 0.35070244631766184
63 (0, 0, 0) 0.014754100411517389 0.9811039927298315 0.004141906858186993 2.320469198959918e-13 2.320469198959918e-13
