8.341212033995216 9.952953363588792 9.14466481246935 8.096066138255058 9.35393673282893
7.624159310993506 10.044680459014836 9.743617800250828 8.658284080775564 8.50437344123093
8.471853025482064 11.290469339165169 9.915574184978027 8.613875704016683 9.537545620776463
10.21681124113396 12.012683166347271 11.654290741690874 10.711581147898668 10.298208614885818
8.917668577586948 10.19671356790047 9.140766880650816 9.502688530284 8.385364349666371
8.499190741581687 9.406983243197686 9.814533131364287 9.331182970408383 8.482840325295632
7.39293822840098 9.849217819627917 9.015835951742396 8.594410980172261 8.03660196319393
0.0 0.0 0.0 0.0 0.0
0.0 0.0 0.0 0.0 0.0
9.464541804953472 9.990259250919058 9.085240802721348 10.675027246317184 9.74871212273143
0.0 0.0 0.0 0.0 0.0
7.873255577814087 9.740929723371355 9.009351714271157 8.406085699914792 8.055067554886598
0.0 0.0 0.0 0.0 0.0
0.0 0.0 0.0 0.0 0.0
0.0 0.0 0.0 0.0 0.0
0.0 0.0 0.0 0.0 0.0
9.870547652001578 10.463939914736075 10.736444251162931 10.381537038070325 9.368808913985118
0.0 0.0 0.0 0.0 0.0
7.701326852141913 9.275880298520757 7.354593370783205 8.68961282544847 7.8544057757965495
0.0 0.0 0.0 0.0 0.0
0.0 0.0 0.0 0.0 0.0
9.321502748410005 11.416008746356729 10.078326795861612 9.656980241982028 10.19955477424957
9.248600853304705 6.447570377529786 9.261486638632086 7.637962560443058 8.859039945329114
9.864468009300458 8.362925391915512 9.392995790678452 9.975644114830711 10.816282832439077
10.515947611477534 12.70443243624186 10.986696025374735 11.050867206800243 13.06793530552831
8.128315529088516 9.015198859924443 9.928467731679813 8.199345645182852 10.736598388338471
9.137079460388733 10.161806036705823 10.681751370284879 9.311860845142062 11.541415428048987
7.664109219842838 10.276644364966344 9.497641675037611 8.772662722728821 10.094674186176809
0.0 0.0 0.0 0.0 0.0
8.611992107175018 7.704955241820394 7.890486342894955 7.753955827703822 8.727993972062801
0.0 0.0 0.0 0.0 0.0
0.0 0.0 0.0 0.0 0.0
0.0 0.0 0.0 0.0 0.0
7.557535201410191 8.877390902665775 9.118933364189187 7.867542032069148 10.497256253728208
0.0 0.0 0.0 0.0 0.0
0.0 0.0 0.0 0.0 0.0
9.369334666874805 7.949157806823855 9.721484576766787 8.955565428525393 10.902717956926042
0.0 0.0 0.0 0.0 0.0
0.0 0.0 0.0 0.0 0.0
0.0 0.0 0.0 0.0 0.0
9.525861042949543 11.063399498126657 9.708425581179098 9.139861561581588 11.254310226351196
0.0 0.0 0.0 0.0 0.0
6.8399829461375115 10.971768066413562 6.855737475055674 8.701692924210446 9.424093971944357
8.70799749147931 9.897095747168578 9.042251954981252 7.7138756017458565 9.448597024406512
9.23097589937799 9.794713593466835 8.016656256909576 9.876004571357088 9.795348463636591
10.875403780801863 13.43401394696578 9.833406618706942 11.70830408463379 11.35136668678727
8.818717291131813 10.177640704731784 8.453203534242421 8.122485236298266 9.079527740757646
7.7694204155475015 10.584951874838032 8.77421926854964 8.43329019397124 10.014715054798817
7.953059210383817 9.659033062901562 9.303478647704521 7.909590988883332 9.426702359863063
7.5893077706379035 9.202431661092296 7.818694125403608 6.884423249259803 8.021176605852675
0.0 0.0 0.0 0.0 0.0
0.0 0.0 0.0 0.0 0.0
0.0 0.0 0.0 0.0 0.0
0.0 0.0 0.0 0.0 0.0
0.0 0.0 0.0 0.0 0.0
8.62026425419682 9.899126678788758 7.548750830834888 8.670802388620897 7.715349673720815
8.043274889886671 9.406803018201796 7.5308195754638865 7.532695724408611 10.794788450861812
0.0 0.0 0.0 0.0 0.0
0.0 0.0 0.0 0.0 0.0
0.0 0.0 0.0 0.0 0.0
0.0 0.0 0.0 0.0 0.0
0.0 0.0 0.0 0.0 0.0
8.751921576486989 9.292522228502968 8.84566699676975 7.170329114505846 9.267959807485548
12.437801280966507 14.536379992293194 11.802618899670314 0.0 0.0
