0 (3, 0, -3) 0.027434238711902235 0.37194323226129267 0.12978388527952106 0.44362296839476506 0.027215675352519
1 (3, 0, -2) 0.10740719152256738 0.6469905901102017 0.1596812789442708 0.0587331663626347 0.02718777306032533
2 (3, 0, -1) 0.004084244233361365 0.6507194562033939 0.0038776030384959866 0.2559858826187527 0.08533281390599615
3 (3, 0, 0) 0.0735611663518453 0.5891436585034037 0.1553781372763141 0.09017809599081371 0.09173894187762317
4 (3, 0, 1) 0.013270772954189944 0.5576793424702116 0.07866467897238136 0.15664766060701105 0.19373754499620602
5 (3, 0, 2) 0.1444074837822326 0.3512199973085933 0.16777195551182217 0.1717341748026039 0.16486638859474795
6 (3, 0, 3) 0.20540650692907567 0.5299220709557986 0.10180116028708902 0.15691514691645758 0.005955114911579052
7 (3, 1, -3) 0.2 0.2 0.2 0.2 0.2
8 (3, 1, -2) 0.2 0.2 0.2 0.2 0.2
9 (3, 1, -1) 0.03319897869952071 0.780296124708181 0.00921147243170426 0.11049673766898734 0.06679668649160654
10 (3, 1, 0) 0.2 0.2 0.2 0.2 0.2
11 (3, 1, 1) 0.08173831744604781 0.28743250260783193 0.4198886205938674 0.021530828238719185 0.18940973111353376
12 (3, 1, 2) 0.2 0.2 0.2 0.2 0.2
13 (3, 1, 3) 0.2 0.2 0.2 0.2 0.2
14 (3, 2, -3) 0.2 0.2 0.2 0.2 0.2
15 (3, 2, -2) 0.2 0.2 0.2 0.2 0.2
16 (3, 2, -1) 0.03117326534667848 0.860086195966781 0.058038780386811706 0.004294485266570981 0.046407273033157816
17 (3, 2, 0) 0.2 0.2 0.2 0.2 0.2
18 (3, 2, 1) 0.026221674234067762 0.8216390207469835 0.05605579048127804 0.04579248834476627 0.05029102619290449
19 (3, 2, 2) 0.2 0.2 0.2 0.2 0.2
20 (3, 2, 3) 0.2 0.2 0.2 0.2 0.2
21 (5, 0, -3) 0.006217738233865637 0.1499471873851444 0.08517200287536167 0.12741528063162025 0.6312477908740081
22 (5, 0, -2) 0.5527754797254469 0.0008173320215317094 0.34328219100050483 0.07325498019258854 0.02987001705992802
23 (5, 0, -1) 0.11911486381822556 0.0384373029585097 0.0255814262570551 0.025257472571944568 0.791608934394265
24 (5, 0, 0) 0.009958288296874864 0.2794603856198197 0.013948012777237466 0.014435198478309975 0.6821981148277579
25 (5, 0, 1) 0.03360550015149264 0.22081029364607271 0.01570062319730794 0.4448990907618395 0.2849844922432873
26 (5, 0, 2) 0.010530950467049948 0.12957016251502784 0.06343128808236935 0.19012095900445122 0.6063466399311017
27 (5, 0, 3) 0.023508081899159552 0.29301577947882534 0.018963382762834703 0.18984930355103377 0.4746634523081467
28 (5, 1, -3) 0.2 0.2 0.2 0.2 0.2
29 (5, 1, -2) 0.006421857810986297 0.008401963867479377 0.24206905246534055 0.29180151907620705 0.4513056067799867
30 (5, 1, -1) 0.2 0.2 0.2 0.2 0.2
31 (5, 1, 0) 0.2 0.2 0.2 0.2 0.2
32 (5, 1, 1) 0.2 0.2 0.2 0.2 0.2
33 (5, 1, 2) 0.007860026617025203 0.005274487667893752 0.012489039980362292 0.0001853766161944885 0.9741910691185243
34 (5, 1, 3) 0.2 0.2 0.2 0.2 0.2
35 (5, 2, -3) 0.2 0.2 0.2 0.2 0.2
36 (5, 2, -2) 0.0033856639665426178 0.004913781314516387 0.02528266568461645 0.10346516884970376 0.8629527201846208
37 (5, 2, -1) 0.2 0.2 0.2 0.2 0.2
38 (5, 2, 0) 0.2 0.2 0.2 0.2 0.2
39 (5, 2, 1) 0.2 0.2 0.2 0.2 0.2
40 (5, 2, 2) 0.005262329660587962 0.06953818740014212 0.031863660193639315 0.0023027916035458706 0.8910330311420848
41 (5, 2, 3) 0.2 0.2 0.2 0.2 0.2
42 (7, 0, -3) 0.0741577061933544 0.2109714370898538 0.0008155636518097452 0.516282918118082 0.1977723749469
43 (7, 0, -2) 0.04641556275829726 0.8345993874077898 0.007359689687075763 0.03353513203922171 0.07809022810761539
44 (7, 0, -1) 0.04336514696671636 0.10460378578606917 0.010120872002286075 0.04723458491946491 0.7946756103254634
45 (7, 0, 0) 0.03415238409219347 0.8013506082395931 0.0005093062402695401 0.034333101214384744 0.1296546002135592
46 (7, 0, 1) 0.02069636830530552 0.5489831842176208 0.00652731020002607 0.005058334321806671 0.41873480295524096
47 (7, 0, 2) 0.3423011194170711 0.5679127325292839 0.052750520450170396 0.018238646444955615 0.01879698115851899
48 (7, 0, 3) 0.019216040883107882 0.891397554130103 0.016666711758177768 0.006766712871390933 0.06595298035722033
49 (7, 1, -3) 0.02752952080138687 0.9023693554919672 0.011726511732066873 0.00017660986717943193 0.05819800210739976
50 (7, 1, -2) 0.2 0.2 0.2 0.2 0.2
51 (7, 1, -1) 0.2 0.2 0.2 0.2 0.2
52 (7, 1, 0) 0.2 0.2 0.2 0.2 0.2
53 (7, 1, 1) 0.2 0.2 0.2 0.2 0.2
54 (7, 1, 2) 0.2 0.2 0.2 0.2 0.2
55 (7, 1, 3) 0.041089285983971865 0.922421743048838 3.590741700190316e-05 0.03500527916694894 0.0014477843832393365
56 (7, 2, -3) 0.043075075845942716 0.6482774632111351 0.06572854836198393 0.0027672458525092526 0.240151666728429
57 (7, 2, -2) 0.2 0.2 0.2 0.2 0.2
58 (7, 2, -1) 0.2 0.2 0.2 0.2 0.2
59 (7, 2, 0) 0.2 0.2 0.2 0.2 0.2
60 (7, 2, 1) 0.2 0.2 0.2 0.2 0.2
61 (7, 2, 2) 0.2 0.2 0.2 0.2 0.2
62 (7, 2, 3) 0.05201964339679312 0.7289125900440738 0.060998002923278394 0.012428172720556923 0.1456415909152978
63 (0, 0, 0) 0.022023339604649382 0.9755266513392725 0.002450009055646568 2.1581157108939906e-13 2.1581157108939906e-13
