8.858764159060337 10.162238868983286 9.635803571480071 10.250355764093595 8.854764801908175
9.50540372592595 10.403256031180996 9.7036800668988 9.203592446907493 8.818473832121313
8.886822018722949 11.422292971458784 8.860862262797216 10.955814816690976 10.406533202598652
11.095517907760136 12.135794308207846 11.469390150694698 11.197352559730025 11.205932757648608
8.35830046801198 10.22741049163265 9.248115544935422 9.592517962267554 9.698770611704706
9.403598243153679 9.847985117264757 9.478581542034012 9.49025261020737 9.469846407107655
9.637851399214913 10.111720890967925 9.286866661948261 9.503208507938448 7.8674811607044095
0.0 0.0 0.0 0.0 0.0
0.0 0.0 0.0 0.0 0.0
9.126837905686072 10.705415096341595 8.485803204311786 9.728071347574948 9.47640508693937
0.0 0.0 0.0 0.0 0.0
8.988047987653218 9.616780570367819 9.806281284323093 8.321029430644781 9.408242819833657
0.0 0.0 0.0 0.0 0.0
0.0 0.0 0.0 0.0 0.0
0.0 0.0 0.0 0.0 0.0
0.0 0.0 0.0 0.0 0.0
10.062469768891729 11.721205651153523 10.37324505234359 9.071355196832423 10.26141744178333
0.0 0.0 0.0 0.0 0.0
8.650408023026836 10.372765433764457 9.03028858491458 8.929174892082715 8.976028185958915
0.0 0.0 0.0 0.0 0.0
0.0 0.0 0.0 0.0 0.0
9.346700114747307 10.938138582434577 10.655333395975859 10.856722847488548 11.656846248923005
9.93830461875458 6.679973723484489 9.70010507287558 8.927801778552638 8.479256262954493
9.597085740515041 9.031555815283092 8.827974881308883 8.821602633338678 10.544075355730536
11.124452797981423 12.79168047320262 11.292918720877191 11.310084979847879 13.237910251743994
8.308282990366166 9.249590082632494 7.927788318918678 9.599861863146833 9.377155498890794
9.63236534214689 10.887317314673908 10.530184671015368 11.079036297691342 11.65893196753169
9.601130633735385 10.862571728642651 9.49371344575791 10.645573806547954 11.103761513149989
0.0 0.0 0.0 0.0 0.0
8.534755444741604 8.66913445362814 10.349513230602794 10.442938638470775 10.660974082680685
0.0 0.0 0.0 0.0 0.0
0.0 0.0 0.0 0.0 0.0
0.0 0.0 0.0 0.0 0.0
9.537697358041893 9.338243136666879 9.769228090690167 7.664119481605072 11.947606088594222
0.0 0.0 0.0 0.0 0.0
0.0 0.0 0.0 0.0 0.0
8.408700686995942 8.59494755389373 9.41398517366194 10.118543180215795 11.179105620692111
0.0 0.0 0.0 0.0 0.0
0.0 0.0 0.0 0.0 0.0
0.0 0.0 0.0 0.0 0.0
9.577340321545767 10.867991436904768 10.477786497345907 9.164114470380373 12.143244155956896
0.0 0.0 0.0 0.0 0.0
8.783986396645721 9.306750779046475 6.528951497775304 9.754216854587026 9.274447775457544
9.322616032109348 10.76727454555524 8.40180751335906 9.160095431923938 9.58273109285236
9.707332742246331 10.147594587629163 8.979804628840013 9.750067893459278 11.161471712678495
11.521432452838981 13.099165537096482 9.418663358604178 11.524071224263809 12.188453251438132
7.816102956538063 9.45515774179255 7.239121308287736 7.111642458038667 9.319742731707814
9.635109856649526 9.888248332245848 8.700051268074521 8.169035835659292 8.184112588877582
8.616531062629818 10.53505362451257 8.54536507730787 8.094666079004696 9.233129400837122
8.645863236513696 10.390745740855266 8.219159899416693 6.121327720554882 9.020159293268144
0.0 0.0 0.0 0.0 0.0
0.0 0.0 0.0 0.0 0.0
0.0 0.0 0.0 0.0 0.0
0.0 0.0 0.0 0.0 0.0
0.0 0.0 0.0 0.0 0.0
9.206334133745154 10.761961701279798 5.685054729261947 9.12620987254164 7.53347761894992
8.540617978080192 9.896305100817715 8.7519123850645 7.1680719807326945 9.39978104070538
0.0 0.0 0.0 0.0 0.0
0.0 0.0 0.0 0.0 0.0
0.0 0.0 0.0 0.0 0.0
0.0 0.0 0.0 0.0 0.0
0.0 0.0 0.0 0.0 0.0
7.874674051850846 9.194640259862046 7.954283911748404 7.158846293975793 8.389437722842356
12.674359113583709 14.569796462711132 11.576353582884023 0.0 0.0
