0 (3, 0, -3) 0.354758998593832 0.14468826571383506 0.16343115032032515 0.08716684018038354 0.24995474519162433
1 (3, 0, -2) 0.005001770556344709 0.2828354545297087 0.026987169130627858 0.09049628220870179 0.594679323574617
2 (3, 0, -1) 0.007911315941326234 0.8377721204160586 0.06194786441959865 0.00865985031994607 0.08370884890307029
3 (3, 0, 0) 0.006007515156900933 0.6060312532916002 0.32961212260634565 0.015988722295544086 0.042360386649609075
4 (3, 0, 1) 0.0004324640717143062 0.014128851574435792 0.9828744315557553 0.0002952928210566554 0.002268959977037865
5 (3, 0, 2) 0.003062868175160423 0.9112641110063239 0.006114565767346668 0.07659776252152542 0.002960692529643576
6 (3, 0, 3) 0.19289284332789877 0.12809638438194348 0.24133011912602323 0.4190604392755038 0.01862021388863063
7 (3, 1, -3) 0.2 0.2 0.2 0.2 0.2
8 (3, 1, -2) 0.2 0.2 0.2 0.2 0.2
9 (3, 1, -1) 0.05315356936336333 0.796473794589075 0.04204972209323364 0.10016784026077993 0.008155073693548119
10 (3, 1, 0) 0.2 0.2 0.2 0.2 0.2
11 (3, 1, 1) 0.022426661354550723 0.0404937911972256 0.9325627565494525 0.002679125060120334 0.0018376658386507533
12 (3, 1, 2) 0.2 0.2 0.2 0.2 0.2
13 (3, 1, 3) 0.2 0.2 0.2 0.2 0.2
14 (3, 2, -3) 0.2 0.2 0.2 0.2 0.2
15 (3, 2, -2) 0.2 0.2 0.2 0.2 0.2
16 (3, 2, -1) 0.02090174385578127 0.047897679399283376 0.8679118146451894 0.0628962596536188 0.0003925024461273607
17 (3, 2, 0) 0.2 0.2 0.2 0.2 0.2
18 (3, 2, 1) 0.0007375872968864002 0.9936298755561034 0.0051087658555480165 0.00028109872558860545 0.00024267256587350987
19 (3, 2, 2) 0.2 0.2 0.2 0.2 0.2
20 (3, 2, 3) 0.2 0.2 0.2 0.2 0.2
21 (5, 0, -3) 0.00042821520511878363 0.37064719602722795 0.011523815447372 0.10214240750564164 0.5152583658146397
22 (5, 0, -2) 0.4238214888357071 0.006803292357048858 0.21221038874558287 0.09806634033162041 0.2590984897300408
23 (5, 0, -1) 0.0048214981829911695 0.019464959225052366 0.6649753465022663 0.03204813964987259 0.27869005643981754
24 (5, 0, 0) 0.0042507680368301 0.13188335599778217 0.02466717232726695 0.005360212087936618 0.8338384915501841
25 (5, 0, 1) 0.00873472136323912 0.5837382072156561 0.012025615479412124 0.003447021483933846 0.3920544344577589
26 (5, 0, 2) 0.002013639190633349 0.06613893617374869 0.03398134489146988 0.051502825114386204 0.8463632546297619
27 (5, 0, 3) 0.003133438590876048 0.023462421565919822 0.26712159308207456 0.07021367944867189 0.6360688673124577
28 (5, 1, -3) 0.2 0.2 0.2 0.2 0.2
29 (5, 1, -2) 0.06879262699815443 0.0596260431958982 0.2669280036635131 0.03377866168389826 0.570874664458536
30 (5, 1, -1) 0.2 0.2 0.2 0.2 0.2
31 (5, 1, 0) 0.2 0.2 0.2 0.2 0.2
32 (5, 1, 1) 0.2 0.2 0.2 0.2 0.2
33 (5, 1, 2) 0.026559786120120454 0.0014228467733051178 0.11493560104499784 0.0022690396346445795 0.8548127264269321
34 (5, 1, 3) 0.2 0.2 0.2 0.2 0.2
35 (5, 2, -3) 0.2 0.2 0.2 0.2 0.2
36 (5, 2, -2) 0.05096292778965098 0.4591875692359021 0.03652691774135685 0.11860074306483459 0.33472184216825557
37 (5, 2, -1) 0.2 0.2 0.2 0.2 0.2
38 (5, 2, 0) 0.2 0.2 0.2 0.2 0.2
39 (5, 2, 1) 0.2 0.2 0.2 0.2 0.2
40 (5, 2, 2) 0.0031565153157767315 0.3491599964791621 0.00034568885291214486 0.051735303401355175 0.5956024959507937
41 (5, 2, 3) 0.2 0.2 0.2 0.2 0.2
42 (7, 0, -3) 0.006417305857018534 0.7225247420492618 0.000210930375418757 0.050710361851395463 0.22013665986690545
43 (7, 0, -2) 0.013935240165949412 0.33791035076974374 0.005335609569956734 0.630545648737013 0.012273150757337153
44 (7, 0, -1) 0.004147294673270904 0.11165469638518431 0.030200696446786773 0.16050173635625056 0.6934955761385075
45 (7, 0, 0) 0.016348208748907002 0.8688534981630424 0.0008555459725581412 0.08649277203920983 0.027449975076282725
46 (7, 0, 1) 0.003295529303359959 0.9669020315053399 0.00228052451038632 0.0033111974849783067 0.024210717195935597
47 (7, 0, 2) 0.006028311161220494 0.8284838172497694 0.029714323656960515 0.0012581079305542867 0.13451544000149526
48 (7, 0, 3) 0.004149568799871972 0.36798248466346956 0.02213532749395183 0.013243809269228508 0.5924888097734781
49 (7, 1, -3) 0.011570944974889977 0.570393150913133 0.06927767351019018 0.016618560413242042 0.33213967018854484
50 (7, 1, -2) 0.2 0.2 0.2 0.2 0.2
51 (7, 1, -1) 0.2 0.2 0.2 0.2 0.2
52 (7, 1, 0) 0.2 0.2 0.2 0.2 0.2
53 (7, 1, 1) 0.2 0.2 0.2 0.2 0.2
54 (7, 1, 2) 0.2 0.2 0.2 0.2 0.2
55 (7, 1, 3) 0.14141036900216486 0.4045850368760311 0.0035886739385557346 0.005008758469723418 0.44540716171352496
56 (7, 2, -3) 0.021453743959188778 0.7849947041626062 0.14160885291713912 0.01851200490170984 0.03343069405935604
57 (7, 2, -2) 0.2 0.2 0.2 0.2 0.2
58 (7, 2, -1) 0.2 0.2 0.2 0.2 0.2
59 (7, 2, 0) 0.2 0.2 0.2 0.2 0.2
60 (7, 2, 1) 0.2 0.2 0.2 0.2 0.2
61 (7, 2, 2) 0.2 0.2 0.2 0.2 0.2
62 (7, 2, 3) 0.03482002886174644 0.1801484634444078 0.3566287493238296 0.0016627948532867707 0.42673996351672927
63 (0, 0, 0) 0.030767714355456475 0.9663699518404318 0.0028623338036921054 2.0983979205913862e-13 2.0983979205913862e-13
