9.261190413246071 8.812761840607937 8.87366697372533 8.559383065095346 9.086111013500728
7.805812770295824 9.823349437679827 8.648597557619906 9.253571174433212 10.19492794392729
8.809993180169004 11.141219179477826 9.838992681483475 8.855194833242889 9.98951846085026
10.203142030389488 12.51010220349259 12.205594713134241 10.692578233170197 11.179743248777203
6.9901194338523975 8.733356906322609 10.854488133454723 6.7993535468700905 7.8189082307785895
7.148692879227111 9.996433368940501 7.4943538624514785 8.758300917883451 7.131728586518558
9.091770198433085 8.887094280803693 9.203785681579339 9.479710367034436 7.922826668444189
0.0 0.0 0.0 0.0 0.0
0.0 0.0 0.0 0.0 0.0
10.581755185334297 11.93525966991346 10.464588944579726 10.898586146687293 9.644482692181827
0.0 0.0 0.0 0.0 0.0
9.29407860507888 9.589527689307658 11.157921584264738 8.23169849557135 8.043201460193277
0.0 0.0 0.0 0.0 0.0
0.0 0.0 0.0 0.0 0.0
0.0 0.0 0.0 0.0 0.0
0.0 0.0 0.0 0.0 0.0
9.698492653678947 10.113109885128234 11.561621413630235 10.249319705382101 7.7109701020923795
0.0 0.0 0.0 0.0 0.0
8.295764566803145 11.898632370719186 9.263428911108823 7.813425313990775 7.739928876444606
0.0 0.0 0.0 0.0 0.0
0.0 0.0 0.0 0.0 0.0
7.751209525825755 11.132899550891214 9.397482124092246 10.488458218654774 11.297608450890243
8.77525506179892 6.709302219539525 8.429387978113773 8.043420982861633 8.529203016279386
7.8070741335320735 8.504839723614413 10.270406763995569 8.754151348693814 9.835581908219176
10.549994327121633 12.267403419162463 11.429181138582798 10.665946258015186 13.189464350737568
8.207963023204536 10.309036304612016 8.36782950010899 7.74306526118954 10.11001034788968
8.326832504693051 10.072739502365662 9.739766538070894 9.947679022261596 11.347335014106239
8.591329869180075 9.597964402217926 10.81411635251024 10.146035950736598 11.247917792449815
0.0 0.0 0.0 0.0 0.0
8.36556816501011 8.294066100775755 9.04350936469306 8.0099345242745 9.423604720143054
0.0 0.0 0.0 0.0 0.0
0.0 0.0 0.0 0.0 0.0
0.0 0.0 0.0 0.0 0.0
9.170008797260062 7.706639478663745 9.902495651623669 7.93998799809336 10.905750867088633
0.0 0.0 0.0 0.0 0.0
0.0 0.0 0.0 0.0 0.0
8.401062556439026 9.500242712361484 8.234538055859296 8.823394701204737 9.34216325779722
0.0 0.0 0.0 0.0 0.0
0.0 0.0 0.0 0.0 0.0
0.0 0.0 0.0 0.0 0.0
8.870659417676855 11.223690212092178 7.7648169934257565 10.268995281984322 11.490711827925718
0.0 0.0 0.0 0.0 0.0
8.226610221711535 10.588486863344425 6.518997443979734 9.260176163860077 9.994235298475054
8.1651797955327 9.759359660722028 7.685170916219348 10.071262124593416 8.10167635337454
8.146180612838592 9.79265801541192 9.138884987615116 9.974104875446995 10.705824925330967
11.217403684691577 13.20393177952132 9.742336792619026 12.050374942444783 11.476527147335359
7.827196247759157 10.667961440326597 7.6431155835200615 7.829567802008989 8.824310548290685
8.300734695222749 10.762299897893376 9.098315849631161 7.5173057208257 9.853340739851866
7.940855741697099 10.18337119960414 8.777940959784647 8.521118638240004 10.421519522283964
8.034608560027339 9.983522884558392 8.929421295160827 8.215620037772483 9.71313774069659
0.0 0.0 0.0 0.0 0.0
0.0 0.0 0.0 0.0 0.0
0.0 0.0 0.0 0.0 0.0
0.0 0.0 0.0 0.0 0.0
0.0 0.0 0.0 0.0 0.0
9.559179792971987 10.084777722858776 7.722238130997928 7.8889407890655345 10.132841169078894
7.679708449438542 9.479597348326033 8.62329321254432 7.6059685802094545 7.901496093485349
0.0 0.0 0.0 0.0 0.0
0.0 0.0 0.0 0.0 0.0
0.0 0.0 0.0 0.0 0.0
0.0 0.0 0.0 0.0 0.0
0.0 0.0 0.0 0.0 0.0
8.511325978773083 9.333120251083919 9.674577258575894 6.99047951375252 9.764317018653035
12.85557133815216 14.579111752568409 11.668157039334638 0.0 0.0
