0 (3, 0, -3) 0.26139923431427764 0.6375336466180368 0.04956275297144381 0.019453033625264664 0.03205133247097715
1 (3, 0, -2) 0.017356583199041452 0.7076820853201049 0.14987962984751738 0.11260462290441339 0.012477078728922841
2 (3, 0, -1) 0.025625097845268664 0.3421323532726812 0.3785751037431628 0.01565581097511863 0.2380116341637686
3 (3, 0, 0) 0.025357061091666737 0.6104767392218784 0.1258196919258495 0.17609006035970495 0.0622564474009005
4 (3, 0, 1) 0.022127504774752123 0.8609298874257725 0.0011188438404268087 0.10096992929921061 0.014853834659838035
5 (3, 0, 2) 0.02164271944262897 0.9564321504039869 0.002719164027449366 0.012286358964241238 0.0069196071616933535
6 (3, 0, 3) 0.03278624565712099 0.3370614234251085 0.48392492092786554 0.04408404027889005 0.10214336971101497
7 (3, 1, -3) 0.2 0.2 0.2 0.2 0.2
8 (3, 1, -2) 0.2 0.2 0.2 0.2 0.2
9 (3, 1, -1) 0.029754848487176622 0.5784109287580534 0.0054384629801521945 0.12044203169870385 0.26595372807591394
10 (3, 1, 0) 0.2 0.2 0.2 0.2 0.2
11 (3, 1, 1) 0.0005426754910638614 0.9962446800296638 0.0005367968044196442 0.0026050913995150013 7.075627533761817e-05
12 (3, 1, 2) 0.2 0.2 0.2 0.2 0.2
13 (3, 1, 3) 0.2 0.2 0.2 0.2 0.2
14 (3, 2, -3) 0.2 0.2 0.2 0.2 0.2
15 (3, 2, -2) 0.2 0.2 0.2 0.2 0.2
16 (3, 2, -1) 0.0071436548677506085 0.2710016027303521 0.1611240850566315 0.544411332713575 0.016319324631690803
17 (3, 2, 0) 0.2 0.2 0.2 0.2 0.2
18 (3, 2, 1) 7.33107624591898e-05 0.9995328611266509 0.00025989317352025646 5.2884426375004744e-05 8.105051099479694e-05
19 (3, 2, 2) 0.2 0.2 0.2 0.2 0.2
20 (3, 2, 3) 0.2 0.2 0.2 0.2 0.2
21 (5, 0, -3) 0.12876623115890323 0.10416448072491014 0.012908953299326313 0.008959127645717244 0.745201207171143
22 (5, 0, -2) 0.49435913062219333 0.0038503324766336593 0.05344929876864869 0.039038210873310955 0.40930302725921347
23 (5, 0, -1) 0.08072752166132043 0.05827041455549504 0.5071233732638888 0.31661025218599925 0.03726843833329672
24 (5, 0, 0) 0.021442289623013346 0.4979096650860489 0.01781926751826458 0.016905924710135634 0.4459228530625376
25 (5, 0, 1) 0.0027571552448170987 0.9705483451087489 0.0004798563597347009 0.009471205435064241 0.016743437851634964
26 (5, 0, 2) 0.0018397842378382098 0.17021390492649116 0.014676084792049128 0.006889749882970771 0.8063804761606507
27 (5, 0, 3) 0.0026443578279543097 0.13855149298696692 0.05280029726302654 0.01977248211767205 0.7862313698043801
28 (5, 1, -3) 0.2 0.2 0.2 0.2 0.2
29 (5, 1, -2) 0.03925939731076061 0.010232790540771195 0.8450996243285233 0.0591933961283698 0.0462147916915751
30 (5, 1, -1) 0.2 0.2 0.2 0.2 0.2
31 (5, 1, 0) 0.2 0.2 0.2 0.2 0.2
32 (5, 1, 1) 0.2 0.2 0.2 0.2 0.2
33 (5, 1, 2) 0.018304501003815813 0.13680524859127124 0.13748636750768542 0.010590805110247566 0.69681307778698
34 (5, 1, 3) 0.2 0.2 0.2 0.2 0.2
35 (5, 2, -3) 0.2 0.2 0.2 0.2 0.2
36 (5, 2, -2) 0.21111409050322336 0.11883895434018997 0.09959929269842466 0.10765650431165813 0.4627911581465039
37 (5, 2, -1) 0.2 0.2 0.2 0.2 0.2
38 (5, 2, 0) 0.2 0.2 0.2 0.2 0.2
39 (5, 2, 1) 0.2 0.2 0.2 0.2 0.2
40 (5, 2, 2) 0.031097333258193846 0.6022883665723224 0.0022189202272836356 0.014995693771946641 0.34939968617025347
41 (5, 2, 3) 0.2 0.2 0.2 0.2 0.2
42 (7, 0, -3) 0.13203810294983984 0.5957796357086033 0.005548344020424983 0.2555092328916407 0.011124684429491168
43 (7, 0, -2) 0.0037918555711392455 0.886844216024838 0.013589934391713616 0.012187784841700508 0.08358620917060869
44 (7, 0, -1) 0.04097611631290548 0.5188598693576053 0.002841431303058356 0.08345326209648206 0.3538693209299487
45 (7, 0, 0) 0.03607930249530813 0.4297070628960108 0.0007432585803509895 0.46838327048690725 0.06508710554142279
46 (7, 0, 1) 0.009523717767747283 0.9816826068405899 0.0012475430293032968 0.0035841117647886613 0.003962020597570802
47 (7, 0, 2) 0.0004724874224451427 0.995209136399392 0.0011229182547188722 0.0008898435376456897 0.0023056143857983005
48 (7, 0, 3) 0.1999729894205003 0.41151835460834724 0.275297074410722 0.08955310631437507 0.02365847524605545
49 (7, 1, -3) 0.07474320239214047 0.5173374340396378 0.0005413893761695395 0.010604447441392582 0.3967735267506596
50 (7, 1, -2) 0.2 0.2 0.2 0.2 0.2
51 (7, 1, -1) 0.2 0.2 0.2 0.2 0.2
52 (7, 1, 0) 0.2 0.2 0.2 0.2 0.2
53 (7, 1, 1) 0.2 0.2 0.2 0.2 0.2
54 (7, 1, 2) 0.2 0.2 0.2 0.2 0.2
55 (7, 1, 3) 0.004258295114164342 0.06560158013397437 9.761856569374652e-05 0.840963539327212 0.08907896685895555
56 (7, 2, -3) 0.012920091743528 0.9314692748495697 0.04337586877835729 0.001338187948384955 0.010896576680160143
57 (7, 2, -2) 0.2 0.2 0.2 0.2 0.2
58 (7, 2, -1) 0.2 0.2 0.2 0.2 0.2
59 (7, 2, 0) 0.2 0.2 0.2 0.2 0.2
60 (7, 2, 1) 0.2 0.2 0.2 0.2 0.2
61 (7, 2, 2) 0.2 0.2 0.2 0.2 0.2
62 (7, 2, 3) 0.20434289913196 0.6035921324845958 0.010029345524423573 0.0005964280295433721 0.1814391948294774
63 (0, 0, 0) 0.09109979384198481 0.9064494028498172 0.002450803307569473 3.142385585716958e-13 3.142385585716958e-13
