9.793634672659024 10.23941376397667 8.962230038388268 8.494611750828895 8.744279615282393
9.23613102610426 11.090142571747295 10.314061343471593 10.171086476765986 9.071091721006379
9.14813602033645 10.443948722470624 10.494557131374155 8.901770970626124 10.262509670193726
11.297058330827994 12.887649808993622 12.097954645981531 12.266027498552615 11.74616076452089
9.574365582519802 11.404961419972935 8.082102818597722 10.333366256597646 9.375083914280438
9.400333090713376 11.29460345951161 8.363160779079289 9.117243343797371 8.830178033708211
8.648914290610147 9.81404233630003 9.994874633066852 8.796958656006748 9.217098452637753
0.0 0.0 0.0 0.0 0.0
0.0 0.0 0.0 0.0 0.0
9.763117662529439 11.2467638987316 8.913369856259914 10.462205902214068 10.858282785517627
0.0 0.0 0.0 0.0 0.0
8.739682984252214 12.497301309322529 8.734237041094639 9.524038744663107 7.7210478397547675
0.0 0.0 0.0 0.0 0.0
0.0 0.0 0.0 0.0 0.0
0.0 0.0 0.0 0.0 0.0
0.0 0.0 0.0 0.0 0.0
8.660441274000004 10.478391375687178 10.218416399575958 10.82718155191309 9.073503991097793
0.0 0.0 0.0 0.0 0.0
7.88879344731249 12.648961389455563 8.52157507223625 7.725494183518224 7.938976010905662
0.0 0.0 0.0 0.0 0.0
0.0 0.0 0.0 0.0 0.0
10.097750832492514 9.991737130690334 8.947712095484052 8.765087963705634 10.975578662394282
9.99076307896164 7.563211710967053 8.878498718895825 8.721402426125197 9.896359849726764
9.603891325377818 9.440898796221804 10.522728705341978 10.287187312994115 9.21742495404823
11.380648708274421 12.953175479545465 11.288106305326657 11.261798214493158 12.89803912789599
9.063159093145078 11.994989981257442 8.188925138044295 9.680187467736353 9.965062578981687
8.710975840355346 10.97467964419132 9.749261331042874 9.371169080460506 11.752429531961843
8.92790009010005 10.907306989290142 10.424944376104087 9.933831555268638 11.775311522130892
0.0 0.0 0.0 0.0 0.0
8.8805804970754 8.208283739774433 10.415212337835174 9.085890070215486 8.962135034989341
0.0 0.0 0.0 0.0 0.0
0.0 0.0 0.0 0.0 0.0
0.0 0.0 0.0 0.0 0.0
8.86477934757752 9.870485040202526 9.87296823792504 8.591198945649992 10.684464451385255
0.0 0.0 0.0 0.0 0.0
0.0 0.0 0.0 0.0 0.0
9.94124587204856 9.65393114756821 9.565624053306143 9.60451934318498 10.333684466738424
0.0 0.0 0.0 0.0 0.0
0.0 0.0 0.0 0.0 0.0
0.0 0.0 0.0 0.0 0.0
10.090356944204359 11.57216408254143 8.770306256839799 9.725677449120548 11.299904159864184
0.0 0.0 0.0 0.0 0.0
9.87764298906681 10.631033149220713 8.292847473513904 10.207726992021648 8.640680950125901
8.165765037694866 10.89317195810032 8.804001989982487 8.749554393589806 9.712276561955454
9.965553727756248 11.23487596648443 8.631212996332811 10.32120241363632 11.043522891281699
11.531403096561121 12.770095278868803 9.590187778740683 12.81318687253713 11.826406644160038
9.51748858774825 11.835229963129375 8.501183960790506 9.028851280051565 9.0789730140744
7.828715710230905 11.655064237218284 8.261553226627557 8.145232969959705 8.62126137888745
9.152372633868753 9.513208293240666 9.312206874193029 8.750697389578463 8.085142187652345
9.273263952094082 10.240582486308453 6.809426554534912 8.296871558508059 10.107917645138544
0.0 0.0 0.0 0.0 0.0
0.0 0.0 0.0 0.0 0.0
0.0 0.0 0.0 0.0 0.0
0.0 0.0 0.0 0.0 0.0
0.0 0.0 0.0 0.0 0.0
8.321945332538226 9.68931078795524 6.434167105730664 10.964785048962264 9.842272518631518
8.478680480392882 10.617670283233348 9.084240314551455 7.344946891525159 8.393513017714968
0.0 0.0 0.0 0.0 0.0
0.0 0.0 0.0 0.0 0.0
0.0 0.0 0.0 0.0 0.0
0.0 0.0 0.0 0.0 0.0
0.0 0.0 0.0 0.0 0.0
9.68604012530358 10.227589741124325 8.178898068901137 6.767742045228358 9.626600686310487
13.196412109540207 14.345201945249732 11.388642264629542 0.0 0.0
